-0.629300
-0.629300
-0.629300
-0.629300
-0.629300
-0.629300
-0.629300
-0.629300
-0.629300
-0.629300
-0.629300
-0.629300
-0.629300
-0.629300
-0.629300
-0.629300
-0.629300
-0.629300
-0.629300
-0.629300
-0.629300
-0.629300
-0.629300
-0.629300
-0.629300
-0.629300
-0.629300
-0.629300
-0.629300
-0.629300
-0.629300
-0.629300
-0.629300
-0.629300
-0.629300
-0.629300
-0.629300
-0.629300
-0.629300
-0.629300
-0.629300
-0.629300
-0.629300
-0.629300
-0.629300
-0.629300
-0.629300
-0.629300
-0.629300
-0.629300
-0.629300
-0.629300
-0.629300
-0.629300
-0.629300
-0.629300
-0.629300
-0.629300
-0.629300
-0.629300
-0.629300
-0.629300
-0.629300
-0.629300
-0.629300
-0.629300
-0.629300
-0.629300
-0.629300
-0.629300
-0.629300
-0.629300
-0.629300
-0.629300
-0.629300
-0.629300
-0.629300
-0.629300
-0.629300
-0.629300
-0.629300
-0.629300
-0.629300
-0.629300
-0.629300
-0.629300
-0.629300
-0.629300
-0.629300
-0.629300
-0.629300
-0.629300
-0.629300
-0.629300
-0.629300
-0.629300
-0.629300
-0.629300
-0.629300
-0.629300
-0.629300
-0.629300
-0.629300
-0.629300
-0.629300
-0.629300
-0.629300
-0.629300
-0.629300
-0.629300
-0.629300
-0.629300
-0.629300
-0.629300
-0.629300
-0.629300
-0.629300
-0.629300
-0.629300
-0.629300
-0.629300
-0.629300
-0.629300
-0.629300
-0.629300
-0.629200
-0.629200
-0.629200
-0.629100
-0.629000
-0.628800
-0.628700
-0.628500
-0.628200
-0.627900
-0.627500
-0.627000
-0.626400
-0.625700
-0.624900
-0.623800
-0.622600
-0.621200
-0.619600
-0.617600
-0.615300
-0.612700
-0.609700
-0.606200
-0.602000
-0.597300
-0.591900
-0.586000
-0.579500
-0.572500
-0.564700
-0.556200
-0.546800
-0.536400
-0.524900
-0.512500
-0.499100
-0.484800
-0.469700
-0.453800
-0.436900
-0.419000
-0.400100
-0.380200
-0.359200
-0.337400
-0.314600
-0.290900
-0.266400
-0.240900
-0.214700
-0.187600
-0.159800
-0.131400
-0.102500
-0.073080
-0.043300
-0.013220
0.017100
0.047600
0.078220
0.108900
0.139600
0.170200
0.200600
0.230800
0.260600
0.290100
0.319000
0.347400
0.375100
0.402000
0.428200
0.453500
0.477900
0.501400
0.523800
0.545100
0.565300
0.584300
0.602100
0.618700
0.634000
0.648000
0.660700
0.672000
0.682100
0.690800
0.698100
0.704100
0.708800
0.712100
0.714100
0.714800
0.714200
0.712300
0.709200
0.704800
0.699200
0.692400
0.684500
0.675400
0.665300
0.654100
0.641900
0.628700
0.614500
0.599600
0.583800
0.567200
0.549900
0.531900
0.513300
0.494100
0.474400
0.454200
0.433500
0.412400
0.390900
0.369100
0.347100
0.324800
0.302300
0.279600
0.256800
0.233900
0.211000
0.188100
0.165300
0.142500
0.119900
0.097360
0.074830
0.052330
0.029940
0.007732
-0.014220
-0.035860
-0.057140
-0.078050
-0.098580
-0.118700
-0.138500
-0.157800
-0.176700
-0.195200
-0.213200
-0.230800
-0.248000
-0.264800
-0.281200
-0.297200
-0.312700
-0.327600
-0.342100
-0.356400
-0.370500
-0.384400
-0.398100
-0.411400
-0.424200
-0.436500
-0.448300
-0.459600
-0.470400
-0.480700
-0.490700
-0.500200
-0.509300
-0.518000
-0.526300
-0.534200
-0.541700
-0.548800
-0.555700
-0.562200
-0.568500
-0.574300
-0.579700
-0.584900
-0.589900
-0.595000
-0.600100
-0.605200
-0.610100
-0.614800
-0.619100
-0.623200
-0.626900
-0.630300
-0.633500
-0.636300
-0.639000
-0.641600
-0.643900
-0.646200
-0.648300
-0.650300
-0.652100
-0.653900
-0.655500
-0.657000
-0.658400
-0.659700
-0.660900
-0.662100
-0.663100
-0.664000
-0.664800
-0.665600
-0.666400
-0.667100
-0.667700
-0.668200
-0.668700
-0.669100
-0.669500
-0.669800
-0.670100
-0.670400
-0.670700
-0.670900
-0.671000
-0.671200
-0.671300
-0.671400
-0.671600
-0.671700
-0.671700
-0.671800
-0.671900
-0.671900
-0.671900
-0.671900
-0.671900
-0.671900
-0.671900
-0.671900
-0.671900
-0.671900
-0.671900
-0.671900
-0.671800
-0.671800
-0.671800
-0.671800
-0.671800
-0.671800
-0.671800
-0.671800
-0.671700
-0.671700
-0.671700
-0.671700
-0.671700
-0.671700
-0.671700
-0.671700
-0.671700
-0.671700
-0.671700
-0.671700
-0.671700
-0.671800
-0.671800
-0.671800
-0.671800
-0.671800
-0.671800
-0.671800
-0.671800
-0.671900
-0.671900
-0.672000
-0.672000
-0.672000
-0.672000
-0.672100
-0.672100
-0.672200
-0.672300
-0.672300
-0.672300
-0.672400
-0.672400
-0.672500
-0.672500
-0.672600
-0.672600
-0.672700
-0.672700
-0.672700
-0.672700
-0.672800
-0.672800
-0.672900
-0.673000
-0.673000
-0.673100
-0.673100
-0.673100
-0.673100
-0.673100
-0.673200
-0.673200
-0.673300
-0.673300
-0.673400
-0.673400
-0.673400
-0.673400
-0.673500
-0.673500
-0.673500
-0.673600
-0.673600
-0.673600
-0.673600
-0.673600
-0.673600
-0.673600
-0.673700
-0.673800
-0.673900
-0.673900
-0.674000
-0.674000
-0.673900
-0.673900
-0.673900
-0.673900
-0.673900
-0.673900
-0.673900
-0.673900
-0.673900
-0.673900
-0.674000
-0.674000
-0.674000
-0.674000
-0.674000
-0.674100
-0.674100
-0.674100
-0.674100
-0.674100
-0.674100
-0.674100
-0.674100
-0.674100
-0.674100
-0.674100
-0.674100
-0.674100
-0.674100
-0.674100
-0.674100
-0.674100
-0.674100
-0.674100
-0.674100
-0.674200
-0.674200
-0.674200
-0.674200
-0.674200
-0.674200
-0.674200
-0.674200
-0.674200
-0.674200
-0.674200
-0.674200
-0.674200
-0.674200
-0.674200
-0.674200
-0.674200
-0.674200
-0.674200
-0.674200
-0.674200
-0.674200
-0.674200
-0.674200
-0.674200
-0.674200
-0.674200
-0.674200
-0.674200
-0.674200
-0.674200
-0.674200
-0.674200
-0.674200
-0.674200
-0.674200
-0.674200
-0.674200
-0.674200
-0.674200
-0.674200
-0.674200
-0.674200
-0.674200
-0.674200
-0.674200
-0.674200
-0.674200
-0.674200
-0.674200
-0.674200
-0.674200
-0.674200
-0.674200
-0.674200
-0.674200
-0.674200
-0.674200
-0.674200
-0.674200
-0.674200
-0.674200
-0.674200
-0.674200
-0.674200
-0.674200
-0.674200
-0.674200
-0.674200
-0.674200
-0.674200
-0.674200
-0.674200
-0.674200
-0.674200
-0.674200
-0.674200
-0.674200
-0.674200
-0.674200
-0.674200
-0.674200
-0.674200
-0.674200
-0.674200
-0.674200
-0.674200
-0.674200
-0.674200
-0.674200
-0.674200
-0.674200
-0.674200
-0.674200
-0.674200
-0.674200
-0.674200
-0.674200
-0.674200
-0.674200
-0.674200
-0.674200
-0.674200
-0.674200
-0.674200
-0.674200
-0.674200
-0.674200
-0.674200
-0.674200
-0.674200
-0.674200
-0.674200
-0.674200
-0.674200
-0.674200
-0.674200
-0.674200
-0.674200
-0.674200
-0.674200
-0.674200
-0.674200
-0.674200
-0.674200
-0.674200
-0.674200
-0.674200
-0.674200
-0.674200
-0.674200
-0.674200
-0.674200
-0.674200
-0.674200
-0.674100
-0.674100
-0.674100
-0.674100
-0.674100
-0.674100
-0.674100
-0.674100
-0.674100
-0.674100
-0.674100
-0.674100
-0.674100
-0.674100
-0.674100
-0.674100
-0.674100
-0.674100
-0.674100
-0.674100
-0.674100
-0.674100
-0.674100
-0.674100
-0.674100
-0.674100
-0.674100
-0.674100
-0.674100
-0.674100
-0.674100
-0.674100
-0.674100
-0.674100
-0.674100
-0.674100
-0.674100
-0.674100
-0.674100
-0.674100
-0.674100
-0.674100
-0.674100
-0.674100
-0.674100
-0.674100
-0.674100
-0.674100
-0.674100
-0.674100
-0.674100
-0.674100
-0.674100
-0.674100
-0.674100
-0.674100
-0.674100
-0.674100
-0.674100
-0.674100
-0.674100
-0.674100
-0.674100
-0.674100
-0.674100
-0.674100
-0.674100
-0.674100
-0.674100
-0.674100
-0.674100
-0.674100
-0.674100
-0.674100
-0.674100
-0.674100
-0.674100
-0.674100
-0.674100
-0.674100
-0.674100
-0.674100
-0.674100
-0.674100
-0.674100
-0.674100
-0.674100
-0.674100
-0.674100
-0.674100
-0.674100
-0.674100
-0.674100
-0.674100
-0.674100
-0.674100
-0.674100
-0.674100
-0.674100
-0.674100
-0.674100
-0.674100
-0.674100
-0.674100
-0.674100
-0.674100
-0.674100
-0.674100
-0.674100
-0.674100
-0.674100
-0.674100
-0.674100
-0.674100
-0.674100
-0.674100
-0.674100
-0.674100
-0.674100
-0.674100
-0.674100
-0.674100
-0.674100
-0.674100
-0.674100
-0.674100
-0.674100
-0.674100
-0.674100
-0.674100
-0.674100
-0.674100
-0.674100
-0.674100
-0.674100
-0.674100
-0.674100
-0.674100
-0.674100
-0.674100
-0.674100
-0.674100
-0.674100
-0.674100
-0.674100
-0.674100
-0.674100
-0.674100
-0.674100
-0.674100
-0.674100
-0.674100
-0.674100
-0.674100
-0.674100
-0.674100
-0.674100
-0.674100
-0.674100
-0.674100
-0.674100
-0.674100
-0.674100
-0.674100
-0.674100
-0.674100
-0.674100
-0.674100
-0.674100
-0.674100
-0.674100
-0.674100
-0.674100
-0.674100
-0.674100
-0.674100
-0.674100
-0.674100
-0.674100
-0.674100
-0.674100
-0.674100
-0.674100
-0.674100
-0.674100
-0.674100
-0.674100
-0.674100
-0.674100
-0.674100
-0.674100
-0.674100
-0.674100
-0.674100
-0.674100
-0.674100
-0.674100
-0.674100
-0.674100
-0.674100
-0.674100
-0.674100
-0.674100
-0.674100
-0.674100
-0.674100
-0.674100
-0.674100
-0.674100
-0.674100
-0.674100
-0.674100
-0.674100
-0.674100
-0.674100
-0.674100
-0.674100
-0.674100
-0.674100
-0.674100
-0.674100
-0.674100
-0.674100
-0.674100
-0.674100
-0.674100
-0.674100
-0.674100
-0.674100
-0.674100
-0.674100
-0.674100
-0.674100
-0.674100
-0.674100
-0.674100
-0.674100
-0.674100
-0.674100
-0.674100
-0.674100
-0.674100
-0.674100
-0.674100
-0.674100
-0.674100
-0.674100
-0.674100
-0.674100
-0.674100
-0.674100
-0.674100
-0.674100
-0.674100
-0.674100
-0.674100
-0.674100
-0.674100
-0.674100
-0.674100
-0.674100
-0.674100
-0.674100
-0.674100
-0.674100
-0.674100
-0.674100
-0.674100
-0.674100
-0.674100
-0.674100
-0.674100
-0.674100
-0.674100
-0.674100
-0.674100
-0.674100
-0.674100
-0.674100
-0.674100
-0.674100
-0.674100
-0.674100
-0.674100
-0.674100
-0.674100
-0.674100
-0.674100
-0.674100
-0.674100
-0.674100
-0.674100
-0.674100
-0.674100
-0.674100
-0.674100
-0.674100
-0.674100
-0.674100
-0.674100
-0.674100
-0.674100
-0.674100
-0.674100
-0.674100
-0.674100
-0.674100
-0.674100
-0.674100
-0.674100
-0.674100
-0.674100
-0.674100
-0.674100
-0.674100
-0.674100
-0.674100
-0.674100
-0.674100
-0.674100
-0.674100
-0.674100
-0.674100
-0.674100
-0.674100
-0.674100
-0.674100
-0.674100
-0.674100
-0.674100
-0.674100
-0.674100
-0.674100
-0.674100
-0.674100
-0.674100
-0.674100
-0.674100
-0.674100
-0.674100
-0.674100
-0.674100
-0.674100
-0.674100
-0.674100
-0.674100
-0.674100
-0.674100
-0.674100
-0.674100
-0.674100
-0.674100
-0.674100
-0.674100
-0.674100
-0.674100
-0.674100
-0.674100
-0.674100
-0.674100
-0.674100
-0.674100
-0.674100
-0.674100
-0.674100
-0.674100
-0.674100
-0.674100
-0.674100
-0.674100
-0.674100
-0.674100
-0.674100
-0.674100
-0.674100
-0.674100
-0.674100
-0.674100
-0.674100
-0.674100
-0.674100
-0.674100
-0.674100
-0.674100
-0.674100
-0.674100
-0.674100
-0.674100
-0.674100
-0.674100
-0.674100
-0.674100
-0.674100
-0.674100
-0.674100
-0.674100
-0.674100
-0.674100
-0.674100
-0.674100
-0.674100
-0.674100
-0.674100
-0.674100
-0.674100
-0.674100
-0.674100
-0.674100
-0.674100
-0.674100
-0.674100
-0.674100
-0.674100
-0.674100
-0.674100
-0.674100
-0.674100
-0.674100
-0.674100
-0.674100
-0.674100
-0.674100
-0.674100
-0.674100
-0.674100
-0.674100
-0.674100
-0.674100
-0.674100
-0.674100
-0.674100
-0.674100
-0.674100
-0.674100
-0.674100
-0.674100
-0.674100
-0.674100
-0.674100
-0.674100
-0.674100
-0.674100
-0.674100
-0.674100
-0.674100
-0.674100
-0.674100
-0.674100
-0.674100
-0.674100
-0.674100
-0.674100
-0.674100
-0.674100
-0.674100
-0.674100
-0.674100
-0.674100
-0.674100
-0.674100
-0.674100
-0.674100
-0.674100
-0.674100
-0.674100
-0.674100
-0.674100
-0.674100
-0.674100
-0.674100
-0.674100
-0.674100
-0.674100
-0.674100
-0.674100
-0.674100
-0.674100
-0.674100
-0.674100
-0.674100
-0.674100
-0.674100
-0.674100
-0.674100
-0.674100
-0.674100
-0.674100
-0.674100
-0.674100
-0.674100
-0.674100
-0.674100
-0.674100
-0.674100
-0.674100
-0.674100
-0.674100
-0.674100
-0.674100
-0.674100
-0.674100
-0.674100
-0.674100
-0.674100
-0.674100
-0.674100
-0.674100
-0.674100
-0.674100
-0.674100
-0.674100
-0.674100
-0.674100
-0.674100
-0.674100
-0.674100
-0.674100
-0.674100
-0.674100
-0.674100
-0.674100
-0.674100
-0.674100
-0.674100
-0.674100
-0.674100
-0.674100
-0.674100
-0.674100
-0.674100
-0.674100
-0.674100
-0.674100
-0.674100
-0.674100
-0.674100
-0.674100
-0.674100
-0.674100
-0.674100
-0.674100
-0.674100
-0.674100
-0.674100
-0.674100
-0.674100
-0.674100
-0.674100
-0.674100
-0.674100
-0.674100
-0.674100
-0.674100
-0.674100
-0.674100
-0.674100
-0.674100
-0.674100
-0.674100
-0.674100
-0.674100
-0.674100
-0.674100
-0.674100
-0.674100
-0.674100
-0.674100
-0.674100
-0.674100
-0.674100
-0.674100
-0.674100
-0.674100
-0.674100
-0.674100
-0.674100
-0.674100
-0.674100
-0.674100
-0.674100
-0.674100
-0.674100
-0.674100
-0.674100
-0.674100
-0.674100
-0.674100
-0.674100
-0.674100
-0.674100
-0.674100
-0.674100
-0.674100
-0.674100
-0.674100
-0.674100
-0.674100
-0.674100
-0.674100
-0.674100
-0.674100
-0.674100
-0.674100
-0.674100
-0.674100
-0.674100
-0.674100
-0.674100
-0.674100
-0.674100
-0.674100
-0.674100
-0.674100
-0.674100
-0.674100
-0.674100
-0.674100
-0.674100
-0.674100
-0.674100
-0.674100
-0.674100
-0.674100
-0.674100
-0.674100
-0.674100
-0.674100
-0.674100
-0.674100
-0.674100
-0.674100
-0.674100
-0.674100
-0.674100
-0.674100
-0.674100
-0.674100
-0.674100
-0.674100
-0.674100
-0.674100
-0.674100
-0.674100
-0.674100
-0.674100
-0.674100
-0.674100
-0.674100
-0.674100
-0.674100
-0.674100
-0.674100
-0.674100
-0.674100
-0.674100
-0.674100
-0.674100
-0.674100
-0.674100
-0.674100
-0.674100
-0.674100
-0.674100
-0.674100
-0.674100
-0.674100
-0.674100
-0.674100
-0.674100
-0.674100
-0.674100
-0.674100
-0.674100
-0.674100
-0.674100
-0.674100
-0.674100
-0.674100
-0.674100
-0.674100
-0.674100
-0.674100
-0.674100
-0.674100
-0.674100
-0.674100
-0.674100
-0.674100
-0.674100
-0.674100
-0.674100
-0.674100
-0.674100
-0.674100
-0.674100
-0.674100
-0.674100
-0.674100
-0.674100
-0.674100
-0.674100
-0.674100
-0.674100
-0.674100
-0.674100
-0.674100
-0.674100
-0.674100
-0.674100
-0.674100
-0.674100
-0.674100
-0.674100
-0.674100
-0.674100
-0.674100
-0.674100
-0.674100
-0.674100
-0.674100
-0.674100
-0.674100
-0.674100
-0.674100
-0.674100
-0.674100
-0.674100
-0.674000
-0.674000
-0.674000
-0.674000
-0.674000
-0.674100
-0.674100
-0.674100
-0.674100
-0.674100
-0.674000
-0.674000
-0.674000
-0.674000
-0.674000
-0.674000
-0.674000
-0.674000
-0.674000
-0.674000
-0.674000
-0.674000
-0.674000
-0.674000
-0.674000
-0.674000
-0.674000
-0.674000
-0.674000
-0.674000
-0.674000
-0.674000
-0.674000
-0.674000
-0.674000
-0.674000
-0.674000
-0.674000
-0.674000
-0.674000
-0.674000
-0.674000
-0.674000
-0.674000
-0.674000
-0.674000
-0.674000
-0.674000
-0.674000
-0.674000
-0.674000
-0.674000
-0.674000
-0.674000
-0.674000
-0.674000
-0.674000
-0.674000
-0.674000
-0.674000
-0.674000
-0.674000
-0.674000
-0.674000
-0.674000
-0.674000
-0.674000
-0.674000
-0.674000
-0.674000
-0.674000
-0.674000
-0.674000
-0.674000
-0.674000
-0.674000
-0.674000
-0.674000
-0.674000
-0.674000
-0.674000
-0.674000
-0.674000
-0.674000
-0.674000
-0.674000
-0.674000
-0.674000
-0.674000
-0.674000
-0.674000
-0.674000
-0.674000
-0.674000
-0.674000
-0.674000
-0.674000
-0.674000
-0.674000
-0.674000
-0.674000
-0.674000
-0.674000
-0.674000
-0.674000
-0.674000
-0.674000
-0.674000
-0.674000
-0.674000
-0.674000
-0.674000
-0.674000
-0.674000
-0.674000
-0.674000
-0.674000
-0.674000
-0.674000
-0.674000
-0.674000
-0.674000
-0.674000
-0.674000
-0.674000
-0.674000
-0.674000
-0.674000
-0.674000
-0.674000
-0.674000
-0.674000
-0.674000
-0.674000
-0.674000
-0.674000
-0.674000
-0.674000
-0.674000
-0.674000
-0.674000
-0.674000
-0.674000
-0.674000
-0.674000
-0.674000
-0.674000
-0.674000
-0.674000
-0.674000
-0.674000
-0.674000
-0.674000
-0.674000
-0.674000
-0.674000
-0.674000
-0.674000
-0.674000
-0.674000
-0.674000
-0.674000
-0.674000
-0.674000
-0.674000
-0.674000
-0.674000
-0.674000
-0.674000
-0.674000
-0.674000
-0.674000
-0.674000
-0.674000
-0.674000
-0.674000
-0.674000
-0.674000
-0.674000
-0.674000
-0.674000
-0.674000
-0.674000
-0.674000
-0.674000
-0.674000
-0.674000
-0.674000
-0.674000
-0.674000
-0.674000
-0.674000
-0.674000
-0.674000
-0.674000
-0.674000
-0.674000
-0.674000
-0.674000
-0.674000
-0.674000
-0.674000
-0.674000
-0.674000
-0.674000
-0.674000
-0.674000
-0.674000
-0.674000
-0.674000
-0.674000
-0.674000
-0.674000
-0.674000
-0.674000
-0.674000
-0.674000
-0.674000
-0.674000
-0.674000
-0.674000
-0.674000
-0.674000
-0.674000
-0.674000
-0.674000
-0.673900
-0.673900
-0.673900
-0.673800
-0.673800
-0.673800
-0.673800
-0.673800
-0.673800
-0.673800
-0.673800
-0.673800
-0.673800
-0.673800
-0.673800
-0.673800
-0.673800
-0.673800
-0.673800
-0.673800
-0.673800
-0.673800
-0.673800
-0.673800
-0.673800
-0.673800
-0.673800
-0.673800
-0.673800
-0.673800
-0.673800
-0.673800
-0.673800
-0.673800
-0.673800
-0.673800
-0.673800
-0.673800
-0.673800
-0.673800
-0.673800
-0.673800
-0.673800
-0.673800
-0.673800
-0.673800
-0.673800
-0.673800
-0.673800
-0.673800
-0.673800
-0.673800
-0.673800
-0.673800
-0.673800
-0.673800
-0.673800
-0.673800
-0.673800
-0.673800
-0.673800
-0.673800
-0.673800
-0.673800
-0.673800
-0.673800
-0.673800
-0.673800
-0.673800
-0.673800
-0.673800
-0.673800
-0.673800
-0.673800
-0.673800
-0.673800
-0.673800
-0.673800
-0.673800
-0.673800
-0.673800
-0.673800
-0.673800
-0.673800
-0.673800
-0.673800
-0.673800
-0.673800
-0.673800
-0.673800
-0.673800
-0.673800
-0.673800
-0.673800
-0.673800
-0.673800
-0.673800
-0.673800
-0.673800
-0.673800
-0.673800
-0.673800
-0.673800
-0.673800
-0.673800
-0.673800
-0.673800
-0.673800
-0.673800
-0.673800
-0.673800
-0.673800
-0.673800
-0.673800
-0.673800
-0.673800
-0.673800
-0.673800
-0.673800
-0.673800
-0.673800
-0.673800
-0.673800
-0.673800
-0.673800
-0.673800
-0.673800
-0.673800
-0.673800
-0.673800
-0.673800
-0.673800
-0.673800
-0.673800
-0.673800
-0.673800
-0.673800
-0.673800
-0.673800
-0.673800
-0.673800
-0.673800
-0.673800
-0.673800
-0.673800
-0.673800
-0.673800
-0.673800
-0.673800
-0.673800
-0.673800
-0.673800
-0.673800
-0.673800
-0.673800
-0.673800
-0.673800
-0.673800
-0.673800
-0.673800
-0.673800
-0.673800
-0.673800
-0.673800
-0.673800
-0.673800
-0.673800
-0.673800
-0.673800
-0.673800
-0.673800
-0.673800
-0.673800
-0.673800
-0.673800
-0.673800
-0.673800
-0.673800
-0.673800
-0.673800
-0.673800
-0.673800
-0.673800
-0.673800
-0.673800
-0.673800
-0.673800
-0.673800
-0.673800
-0.673800
-0.673800
-0.673800
-0.673800
-0.673800
-0.673800
-0.673800
-0.673800
-0.673800
-0.673800
-0.673800
-0.673800
-0.673800
-0.673800
-0.673800
-0.673800
-0.673800
-0.673800
-0.673800
-0.673800
-0.673800
-0.673800
-0.673800
-0.673800
-0.673800
-0.673800
-0.673800
-0.673800
-0.673800
-0.673800
-0.673800
-0.673800
-0.673800
-0.673800
-0.673800
-0.673800
-0.673800
-0.673800
-0.673800
-0.673800
-0.673800
-0.673800
-0.673800
-0.673800
-0.673800
-0.673800
-0.673800
-0.673800
-0.673800
-0.673800
-0.673800
-0.673800
-0.673800
-0.673800
-0.673800
-0.673800
-0.673800
-0.673800
-0.673800
-0.673800
-0.673800
-0.673800
-0.673800
-0.673800
-0.673800
-0.673800
-0.673800
-0.673800
-0.673800
-0.673800
-0.673800
-0.673800
-0.673800
-0.673800
-0.673800
-0.673800
-0.673800
-0.673800
-0.673800
-0.673800
-0.673800
-0.673800
-0.673800
-0.673800
-0.673800
-0.673800
-0.673800
-0.673800
-0.673800
-0.673800
-0.673800
-0.673800
-0.673800
-0.673800
-0.673800
-0.673800
-0.673800
-0.673800
-0.673800
-0.673800
-0.673800
-0.673800
-0.673800
-0.673800
-0.673800
-0.673800
-0.673800
-0.673800
-0.673800
-0.673800
-0.673800
-0.673800
-0.673800
-0.673800
-0.673800
-0.673800
-0.673800
-0.673800
-0.673800
-0.673800
-0.673800
-0.673800
-0.673800
-0.673800
-0.673800
-0.673800
-0.673800
-0.673800
-0.673800
-0.673800
-0.673800
-0.673800
-0.673800
-0.673800
-0.673800
-0.673800
-0.673800
-0.673800
-0.673800
-0.673800
-0.673800
-0.673800
-0.673800
-0.673800
-0.673800
-0.673800
-0.673800
-0.673900
-0.673900
-0.673900
-0.673900
-0.673900
-0.673900
-0.673900
-0.673900
-0.673900
-0.673900
-0.673900
-0.673900
-0.673900
-0.673900
-0.673900
-0.673900
-0.673900
-0.673900
-0.673900
-0.673900
-0.673900
-0.673900
-0.673900
-0.673900
-0.673900
-0.673900
-0.673900
-0.673900
-0.673900
-0.673900
-0.673900
-0.673900
-0.673900
-0.673900
-0.673900
-0.673900
-0.673900
-0.673900
-0.673900
-0.673900
-0.673900
-0.673900
-0.673900
-0.673900
-0.673900
-0.673900
-0.673900
-0.673900
-0.673900
-0.673900
-0.673900
-0.673900
-0.673900
-0.673900
-0.673900
-0.673900
-0.673900
-0.673900
-0.673900
-0.673900
-0.673900
-0.673900
-0.673900
-0.673900
-0.673900
-0.673900
-0.673900
-0.673900
-0.673900
-0.673900
-0.673900
-0.673900
-0.673900
-0.673900
-0.673900
-0.673900
-0.673900
-0.673900
-0.673900
-0.673900
-0.673900
-0.673900
-0.673900
-0.673900
-0.673900
-0.673900
-0.673900
-0.673900
-0.673900
-0.673900
-0.673900
-0.673900
-0.673900
-0.673900
-0.673900
-0.673900
-0.673900
-0.673900
-0.673900
-0.673900
-0.673900
-0.673900
-0.673900
-0.673900
-0.673900
-0.673900
-0.673900
-0.673900
-0.673900
-0.673900
-0.673900
-0.673900
-0.673900
-0.673900
-0.673900
-0.673900
-0.673900
-0.673900
-0.673900
-0.673900
-0.673900
-0.673900
-0.673900
-0.673900
-0.673900
-0.673900
-0.673900
-0.673900
-0.673900
-0.673900
-0.673900
-0.673900
-0.673900
-0.673900
-0.673900
-0.673900
-0.673900
-0.673900
-0.673900
-0.673900
-0.673900
-0.673900
-0.673900
-0.673900
-0.673900
-0.673900
-0.673900
-0.673900
-0.673900
-0.673900
-0.673900
-0.673900
-0.673900
-0.673900
-0.673900
-0.673900
-0.673900
-0.673900
-0.673900
-0.673900
-0.673900
-0.673900
-0.673900
-0.673900
-0.673900
-0.673900
-0.673900
-0.673900
-0.673900
-0.673900
-0.673900
-0.673900
-0.673900
-0.673900
-0.673900
-0.673900
-0.673900
-0.673900
-0.673900
-0.673900
-0.673900
-0.673900
-0.673900
-0.673900
-0.673900
-0.673900
-0.673900
-0.673900
-0.673900
-0.673900
-0.673900
-0.673900
-0.673900
-0.673900
-0.673900
-0.673900
-0.673900
-0.673900
-0.673900
-0.673900
-0.673900
-0.673900
-0.673900
-0.673900
-0.673900
-0.673900
-0.673900
-0.673900
-0.673900
-0.673900
-0.673900
-0.673900
-0.673900
-0.673900
-0.673900
-0.673900
-0.673900
-0.673900
-0.673900
-0.673900
-0.673900
-0.673900
-0.673900
-0.673900
-0.673900
-0.673900
-0.673900
-0.673900
-0.673900
-0.673900
-0.673900
-0.673900
-0.673900
-0.673900
-0.673900
-0.673900
-0.673900
-0.673900
-0.673900
-0.673900
-0.673900
-0.673900
-0.673900
-0.673900
-0.673900
-0.673900
-0.673900
-0.673900
-0.673900
-0.673900
-0.673900
-0.673900
-0.673900
-0.673900
-0.673900
-0.673900
-0.673900
-0.673900
-0.673900
-0.673900
-0.673900
-0.673900
-0.673900
-0.673900
-0.673900
-0.673900
-0.673900
-0.673900
-0.673900
-0.673900
-0.673900
-0.673900
-0.673900
-0.673900
-0.673900
-0.673900
-0.673900
-0.673900
-0.673900
-0.673900
-0.673900
-0.673900
-0.673900
-0.673900
-0.673900
-0.673900
-0.673900
-0.673900
-0.673900
-0.673900
-0.673900
-0.673900
-0.673900
-0.673900
-0.673900
-0.673900
-0.673900
-0.673900
-0.673900
-0.673900
-0.673900
-0.673900
-0.673900
-0.673900
-0.673900
-0.673900
-0.673900
-0.673900
-0.673900
-0.673900
-0.673900
-0.673900
-0.673900
-0.673900
-0.673900
-0.673900
-0.673900
-0.673900
-0.673900
-0.673900
-0.673900
-0.673900
-0.673900
-0.673900
-0.673900
-0.673900
-0.673900
-0.673900
-0.673900
-0.673900
-0.673900
-0.673900
-0.673900
-0.673900
-0.673900
-0.673900
-0.673900
-0.673900
-0.673900
-0.673900
-0.673900
-0.673900
-0.673900
-0.673900
-0.673900
-0.673900
-0.673900
-0.673900
-0.673900
-0.673900
-0.673900
-0.673900
-0.673900
-0.673900
-0.673900
-0.673900
-0.673800
-0.673800
-0.673800
-0.673800
-0.673800
-0.673800
-0.673800
-0.673800
-0.673800
-0.673800
-0.673800
-0.673800
-0.673800
-0.673800
-0.673800
-0.673800
-0.673800
-0.673800
-0.673800
-0.673800
-0.673800
-0.673800
-0.673800
-0.673800
-0.673800
-0.673800
-0.673800
-0.673800
-0.673800
-0.673800
-0.673800
-0.673800
-0.673800
-0.673800
-0.673800
-0.673800
-0.673800
-0.673800
-0.673800
-0.673800
-0.673800
-0.673800
-0.673800
-0.673800
-0.673800
-0.673800
-0.673800
-0.673800
-0.673800
-0.673800
-0.673800
-0.673800
-0.673800
-0.673800
-0.673800
-0.673800
-0.673800
-0.673800
-0.673800
-0.673800
-0.673800
-0.673800
-0.673800
-0.673700
-0.673700
-0.673800
-0.673800
-0.673800
-0.673800
-0.673800
-0.673800
-0.673800
-0.673800
-0.673800
-0.673800
-0.673800
-0.673800
-0.673800
-0.673800
-0.673800
-0.673800
-0.673800
-0.673800
-0.673800
-0.673800
-0.673800
-0.673800
-0.673800
-0.673800
-0.673800
-0.673800
-0.673800
-0.673800
-0.673800
-0.673800
-0.673800
-0.673800
-0.673800
-0.673800
-0.673800
-0.673800
-0.673800
-0.673800
-0.673800
-0.673800
-0.673800
-0.673800
-0.673800
-0.673800
-0.673800
-0.673800
-0.673800
-0.673800
-0.673800
-0.673800
-0.673800
-0.673800
-0.673800
-0.673800
-0.673800
-0.673800
-0.673800
-0.673800
-0.673800
-0.673800
-0.673800
-0.673800
-0.673800
-0.673800
-0.673800
-0.673800
-0.673800
-0.673800
-0.673800
-0.673800
-0.673800
-0.673700
-0.673700
-0.673700
-0.673700
-0.673700
-0.673700
-0.673700
-0.673700
-0.673700
-0.673700
-0.673700
-0.673700
-0.673700
-0.673700
-0.673700
-0.673700
-0.673700
-0.673700
-0.673700
-0.673700
-0.673700
-0.673700
-0.673700
-0.673700
-0.673700
-0.673700
-0.673700
-0.673700
-0.673700
-0.673700
-0.673700
-0.673700
-0.673700
-0.673700
-0.673700
-0.673700
-0.673700
-0.673700
-0.673700
-0.673700
-0.673700
-0.673700
-0.673700
-0.673700
-0.673700
-0.673700
-0.673700
-0.673700
-0.673700
-0.673700
-0.673700
-0.673700
-0.673700
-0.673700
-0.673700
-0.673700
-0.673700
-0.673700
-0.673700
-0.673700
-0.673700
-0.673700
-0.673700
-0.673700
-0.673700
-0.673700
-0.673700
-0.673700
-0.673600
-0.673600
-0.673600
-0.673600
-0.673600
-0.673600
-0.673600
-0.673600
-0.673600
-0.673600
-0.673600
-0.673600
-0.673600
-0.673600
-0.673600
-0.673600
-0.673600
-0.673600
-0.673600
-0.673600
-0.673600
-0.673600
-0.673600
-0.673600
-0.673600
-0.673600
-0.673600
-0.673600
-0.673600
-0.673600
-0.673600
-0.673600
-0.673600
-0.673600
-0.673600
-0.673600
-0.673600
-0.673600
-0.673600
-0.673600
-0.673600
-0.673600
-0.673600
-0.673600
-0.673600
-0.673600
-0.673600
-0.673600
-0.673600
-0.673600
-0.673600
-0.673600
-0.673600
-0.673600
-0.673600
-0.673600
-0.673600
-0.673600
-0.673600
-0.673600
-0.673600
-0.673600
-0.673600
-0.673600
-0.673600
-0.673600
-0.673600
-0.673600
-0.673600
-0.673600
-0.673600
-0.673600
-0.673600
-0.673600
-0.673600
-0.673600
-0.673600
-0.673600
-0.673600
-0.673600
-0.673600
-0.673600
-0.673600
-0.673600
-0.673600
-0.673600
-0.673600
-0.673600
-0.673600
-0.673600
-0.673600
-0.673600
-0.673600
-0.673600
-0.673600
-0.673600
-0.673600
-0.673600
-0.673600
-0.673600
-0.673600
-0.673600
-0.673600
-0.673600
-0.673600
-0.673600
-0.673600
-0.673600
-0.673600
-0.673600
-0.673600
-0.673600
-0.673600
-0.673600
-0.673600
-0.673600
-0.673600
-0.673600
-0.673600
-0.673600
-0.673600
-0.673600
-0.673600
-0.673600
-0.673600
-0.673600
-0.673600
-0.673600
-0.673600
-0.673600
-0.673600
-0.673600
-0.673600
-0.673600
-0.673600
-0.673600
-0.673600
-0.673600
-0.673600
-0.673600
-0.673600
-0.673600
-0.673600
-0.673600
-0.673600
-0.673600
-0.673600
-0.673600
-0.673600
-0.673600
-0.673600
-0.673600
-0.673600
-0.673600
-0.673600
-0.673600
-0.673600
-0.673600
-0.673600
-0.673600
-0.673600
-0.673600
-0.673600
-0.673600
-0.673600
-0.673600
-0.673600
-0.673600
-0.673600
-0.673600
-0.673600
-0.673600
-0.673600
-0.673600
-0.673600
-0.673500
-0.673500
-0.673500
-0.673500
-0.673400
-0.673400
-0.673300
-0.673200
-0.673100
-0.673100
-0.673000
-0.672900
-0.672800
-0.672700
-0.672600
-0.672500
-0.672300
-0.672200
-0.672000
-0.671800
-0.671500
-0.671200
-0.670900
-0.670600
-0.670400
-0.670300
-0.670300
-0.670200
-0.670100
-0.669800
-0.669600
-0.669200
-0.668800
-0.668400
-0.668000
-0.667600
-0.667200
-0.666800
-0.666400
-0.666000
-0.665500
-0.665100
-0.664700
-0.664200
-0.663700
-0.663200
-0.662700
-0.662200
-0.661700
-0.661200
-0.660700
-0.660100
-0.659600
-0.659000
-0.658500
-0.657900
-0.657300
-0.656800
-0.656200
-0.655700
-0.655100
-0.654500
-0.654000
-0.653400
-0.652800
-0.652300
-0.651700
-0.651100
-0.650600
-0.650000
-0.649400
-0.648900
-0.648300
-0.647800
-0.647300
-0.646800
-0.646200
-0.645700
-0.645200
-0.644700
-0.644200
-0.643800
-0.643300
-0.642800
-0.642300
-0.641900
-0.641500
-0.641000
-0.640600
-0.640200
-0.639800
-0.639400
-0.639000
-0.638600
-0.638300
-0.637900
-0.637500
-0.637200
-0.636900
-0.636600
-0.636300
-0.636000
-0.635700
-0.635400
-0.635200
-0.634900
-0.634700
-0.634400
-0.634200
-0.633900
-0.633700
-0.633500
-0.633300
-0.633100
-0.632900
-0.632700
-0.632500
-0.632300
-0.632100
-0.632000
-0.631900
-0.631800
-0.631700
-0.631500
-0.631400
-0.631300
-0.631200
-0.631100
-0.631000
-0.630900
-0.630800
-0.630700
-0.630600
-0.630600
-0.630600
-0.630500
-0.630500
-0.630400
-0.630300
-0.630200
-0.630100
-0.630100
-0.630000
-0.630000
-0.630000
-0.630000
-0.629900
-0.629900
-0.629800
-0.629800
-0.629700
-0.629700
-0.629700
-0.629800
-0.629800
-0.629800
-0.629800
-0.629700
-0.629700
-0.629600
-0.629600
-0.629500
-0.629500
-0.629500
-0.629500
-0.629500
-0.629500
-0.629500
-0.629500
-0.629500
-0.629500
-0.629500
-0.629500
-0.629500
-0.629500
-0.629500
-0.629500
-0.629500
-0.629500
-0.629500
-0.629500
-0.629500
-0.629500
-0.629500
-0.629500
-0.629500
-0.629500
-0.629500
-0.629500
-0.629500
-0.629500
-0.629500
-0.629500
-0.629500
-0.629500
-0.629500
-0.629500
-0.629500
-0.629500
-0.629500
-0.629500
-0.629500
-0.629500
-0.629500
-0.629500
-0.629500
-0.629500
-0.629500
-0.629500
-0.629400
-0.629400
-0.629400
-0.629400
-0.629400
-0.629400
-0.629400
-0.629400
-0.629400
-0.629400
-0.629400
-0.629400
-0.629400
-0.629400
-0.629400
-0.629400
-0.629400
-0.629400
-0.629400
-0.629400
-0.629400
-0.629400
-0.629400
-0.629400
-0.629400
-0.629400
-0.629400
-0.629400
-0.629400
-0.629400
-0.629400
-0.629400
-0.629400
-0.629400
-0.629400
-0.629400
-0.629400
-0.629400
-0.629400
-0.629400
-0.629400
-0.629400
-0.629400
-0.629400
-0.629400
-0.629400
-0.629400
-0.629400
-0.629400
-0.629400
-0.629400
-0.629400
-0.629400
-0.629400
-0.629400
-0.629400
-0.629400
-0.629400
-0.629400
-0.629400
-0.629400
-0.629400
-0.629400
-0.629400
-0.629400
-0.629400
-0.629400
-0.629400
-0.629400
-0.629400
-0.629400
-0.629400
-0.629400
-0.629400
-0.629400
-0.629400
-0.629400
-0.629400
-0.629400
-0.629400
-0.629400
-0.629400
-0.629400
-0.629400
-0.629400
-0.629400
-0.629400
-0.629400
-0.629400
-0.629400
-0.629400
-0.629400
-0.629400
-0.629400
-0.629400
-0.629400
-0.629400
-0.629400
-0.629400
-0.629400
-0.629400
-0.629400
-0.629400
-0.629400
-0.629400
-0.629400
-0.629400
-0.629400
-0.629400
-0.629400
-0.629400
-0.629400
-0.629400
-0.629400
-0.629400
-0.629400
-0.629400
-0.629400
-0.629400
-0.629400
-0.629400
-0.629400
-0.629400
-0.629400
-0.629400
-0.629400
-0.629400
-0.629400
-0.629400
-0.629400
-0.629400
-0.629400
-0.629400
-0.629400
-0.629400
-0.629400
-0.629400
-0.629400
-0.629400
-0.629400
-0.629400
-0.629400
-0.629400
-0.629400
-0.629400
