# List of vacant (i.e. unused) L0 bits.
# Format: run range (run1, run2); vacant bits in this range.
#
54 71 0 1 2 3 4 5 6
500 1799 0 1 2 3 4 5 6
1801 2007 0 1 2 3 4 5 6
2008 2008 2 3 4 5 6
2009 2012 0 1 2 3 4 5 6
2013 2013 2 3 4 5 6
2014 2028 0 1 2 3 4 5 6
2029 2029 2 3 4 5 6
2030 2034 0 1 2 3 4 5 6
2035 2042 2 3 4 5 6
2043 2058 0 1 2 3 4 5 6
2059 2060 2 3 4 5 6
2061 2072 0 1 2 3 4 5 6
2073 2073 2 3 4 5 6
2074 2097 0 1 2 3 4 5 6
2098 2098 1 2 3 4 5 6
2099 2104 0 1 2 3 4 5 6
2105 2107 1 2 3 4 5 6
2108 2108 0 1 2 3 4 5 6
2109 2110 1 2 3 4 5 6
2111 2111 0 1 2 3 4 5 6
2112 2116 1 2 3 4 5 6
2117 2118 0 1 2 3 4 5 6
2119 2121 1 2 3 4 5 6
2122 2126 2 3 4 5 6
2127 2130 0 1 2 3 4 5 6
2131 2151 2 3 4 5 6
2152 2153 0 1 2 3 4 5 6
2154 2154 2 3 4 5 6
2155 2164 1 2 3 4 5 6
2165 2165 2 3 4 5 6
2166 2168 0 1 2 3 4 5 6
2169 2170 2 3 4 5 6
2171 2198 1 2 3 4 5 6
2199 2205 0 1 2 3 4 5 6
2206 2206 3 4 5 6
2207 2207 1 2 3 4 5 6
2208 2210 3 4 5 6
2211 2214 1 2 3 4 5 6
2215 2221 3 4 5 6
2222 2242 0 1 2 3 4 5 6
2243 2254 5 6
2255 2267 1 2 3 4 5 6
2268 2294 2 3 4 5 6
2295 2295 0 1 2 3 4 5 6
2296 2296 4 5 6
2297 2299 0 1 2 3 4 5 6
2300 2302 4 5 6
2303 2303 2 3 4 5 6
2304 2305 4 5 6
2306 2307 2 3 4 5 6
2308 2311 4 5 6
2312 2312 5 6
2313 2313 4 5 6
2314 2316 5 6
2317 2317 1 2 3 4 5 6
2318 2318 2 3 4 5 6
2319 2324 1 2 3 4 5 6
2325 2341 4 5 6
2342 2369 1 2 3 4 5 6
2370 2370 2 3 4 5 6
2371 2374 0 1 2 3 4 5 6
2375 2398 1 2 3 4 5 6
2399 2402 2 3 4 5 6
2403 2415 1 2 3 4 5 6
2416 2421 4 5 6
2422 2422 5 6
2423 2442 4 5 6
2443 2444 0 1 2 3 4 5 6
2445 2445 1 2 3 4 5 6
2446 2448 0 1 2 3 4 5 6
2449 2461 1 2 3 4 5 6
2462 2462 4 5 6
2463 2463 0 1 2 3 4 5 6
2464 2464 4 5 6
2465 2470 3 4 5 6
2471 2471 1 2 3 4 5 6
2472 2477 6
2478 2479 4 5 6
2480 2481 0 1 2 3 4 5 6
2482 2497 4 5 6
2498 2498 2 3 4 5 6
2499 2505 4 5 6
2506 2506 0 1 2 3 4 5 6
2507 2508 4 5 6
2509 2513 0 1 2 3 4 5 6
2514 2514 4 5 6
2515 2515 0 1 2 3 4 5 6
2516 2521 4 5 6
2522 2522 0 1 2 3 4 5 6
2523 2532 4 5 6
2533 2536 0 1 2 3 4 5 6
2537 2548 4 5 6
2549 2550 0 1 2 3 4 5 6
2551 2556 4 5 6
2557 2557 0 1 2 3 4 5 6
2558 2560 4 5 6
2561 2563 0 1 2 3 4 5 6
2564 2584 4 5 6
2585 2585 1 2 3 4 5 6
2586 2620 4 5 6
2621 2622 0 1 2 3 5 6
2623 2623 4 5 6
2624 2624 0 1 2 3 5 6
2625 2626 0 1 2 3 5
2627 2629 0 1 2 3 4 6
2630 2630 4 5 6
2631 2631 4 6
2632 2634 0 1 2 3 4 6
2635 2635 0 1 2 3 4
2636 2636 4 6
2637 2637 0 1 2 3 4 6
2638 2654 4 5 6
2655 2655 0 1 2 3 4 6
2656 2657 0 1 3
2658 2658 0 1 2 3
2659 2672 4 5 6
2673 2679 0 1 2 3
2681 2682 0 1 2 3
2683 2684 0 1 2 3 4 5
2685 2693 4 5 6
2694 2699 0 1 2 3 4 5 6
2700 2725 4 5 6
2726 2727 1 2 3 4 5 6
2728 2733 4 5 6
2734 2737 1 2 3 4 5 6
2738 2748 4 5 6
2749 2750 0 1 2 3 4 5 6
2751 2775 4 5 6
2776 2776 0 1 2 3 4 5 6
2777 2777 1 2 3 4 5 6
2778 2778 4 5 6
2779 2779 1 2 3 4 5 6
2780 2780 5 6
2781 2781 5
2782 2782 1 2 3 4 5 6
2783 2787 1 2 3 5 6
2788 2788 3
2789 2793 1 2 3 5 6
2794 2794 5 6
2795 2795 4 5 6
2796 2797 0 1 2 3 4 5 6
2798 2799 4 5 6
2800 2800 0 1 2 3 4 5 6
2801 2807 4 5 6
2808 2808 2 4 5 6
2809 2828 4 5 6
2829 2829 0 1 2 3 4 6
2830 2830 4 6
2831 2831 0 1 2 3 4 6
2832 2832 4 6
2833 2833 0 1 2 3 4 6
2834 2835 4 5 6
2836 2840 0 1 2 3 4 5
2841 2841 4 5 6
2842 2852 0 1 2 3 4 5
2853 2853 0 1 2 3 4 5 6
2854 2855 4 5 6
2856 2861 0 1 2 3 4 5 6
2862 2862 4 5 6
2863 2864 0 1 2 3 4 5 6
2865 2870 4 5 6
2871 2871 0 1 2 3 4 5 6
2872 2884 4 5 6
2885 2885 1 2 3 4 5 6
2886 2887 0 1 2 3 4 6
2888 2891 0 1 2 3 4 5
2892 2894 4 5 6
2895 2897 0 1 2 3 4 5
2898 2898 0 1 2 3 4 5 6
2899 2904 4 5 6
2905 2907 0 1 2 3 4 5 6
2908 2917 4 5 6
2918 2918 4
2919 2921 1 2 3 4 5 6
2922 2925 4 5 6
2926 2926 4 6
2927 2927 4
2928 2929 0 1 2 3 4 6
2930 2934 4 5 6
2935 2936 0 1 2 3 4 5 6
2937 2940 4 5 6
2941 2941 0 1 2 3 4 5 6
2942 2949 4 5 6
2950 2950 0 1 2 3 4 6
2951 2952 0 1 2 3 4 5 6
2953 2953 4 5
2954 2958 4 5 6
2959 2965 4 5
2966 2966 0 1 2 3 4 5 6
2967 2967 4 5
2968 2974 0 1 2 3 4 5 6
2975 2980 4 5 6
2981 2981 4 5
2982 2983 4 5 6
2984 2985 0 1 2 3 4 5 6
2986 2986 4 5 6
2987 2987 4 5
2988 2988 0 1 2 3 4 5
2989 2993 5 6
2994 2994 1 2 3 4 5 6
2995 3011 5 6
3012 3012 4 5 6
3014 3016 0
3017 3017 0 1 2 3 4 6
3018 3027 0
3028 3029 4 5 6
3030 3032 1 2 3 4 5 6
3033 3033 0 1 2 3 4 5 6
3034 3035 1 2 3 4 5 6
3036 3041 0 1 2 3 4 5 6
3042 3044 1 2 3 4 5 6
3045 3046 4 5 6
3047 3063 0 1 2 3 4 5 6
3064 3078 0 2 3 4 6
3079 3079 0 1 2 3 4 5 6
3080 3080 1 2 3 4 6
3081 3111 0 1 2 3 4 6
3112 3115 0 2 3 4 6
3116 3117 0 1 2 3 4 6
3118 3119 4 5 6
3120 3120 0 1 2 3 4 5 6
3121 3121 4 6
3122 3125 0 1 2 3 4 6
3126 3128 0 2 3 4 6
3129 3129 0 1 2 3 4 5 6
3130 3130 0 2 3 4 6
3131 3144 0 1 2 3 4 5 6
3145 3150 0 2 3 4 6
3151 3151 0 1 2 3 4 6
3152 3152 0 2 3 4 6
3153 3160 0 1 2 3 4 6
3161 3161 0 2 3 4 6
3162 3163 0 1 2 3 4 6
3164 3167 0 2 3 4 6
3168 3168 0 1 2 3 4 6
3169 3170 0 1 2 3 4 5 6
3171 3174 0 1 2 3 4 6
3175 3175 4 6
3176 3180 0 2 3 4 6
3181 3182 0 1 2 3 4 5 6
3183 3184 0 2 3 4 6
3185 3185 0 1 2 3 4 6
3186 3189 0 2 3 4 6
3190 3190 0 1 2 3 4 5 6
3191 3191 0 2 3 4 6
3192 3192 0 1 2 3 4
3193 3196 0 1 2 3 4 6
3197 3206 0 2 3 4 6
3207 3208 0 1 2 3 4 5 6
3209 3210 0 1 2 3 4 6
3211 3213 0 2 3 4 6
3214 3215 0 1 2 3 4 6
3216 3217 0 2 3 4 6
3218 3221 1 2 3 4 5 6
3222 3225 0 2 3 4 6
3226 3232 0 1 2 3 4 6
3233 3234 0 1 2 3 4 5 6
3235 3235 0 1 2 3 4 6
3236 3236 0 2 3 4 6
3237 3237 0 1 2 3 4 6
3238 3238 0 1 2 3 4 5 6
3239 3239 0 1 2 3 4 6
3240 3240 0 2 3 4 6
3241 3247 0 1 2 3 4 6
3248 3248 1 2 3 4 5 6
3249 3254 0 1 2 3 4 6
3255 3265 0 2 3 4 6
3266 3271 1 2 3 4 5 6
3272 3272 2 3 5 6
3273 3275 0 2 3 4 6
3276 3277 0 1 2 3 4 5 6
3278 3280 0 2 3 4 6
3281 3281 0 1 2 3 4 5 6
3282 3284 0 2 3 4 6
3285 3285 0 1 2 3 4 5 6
3286 3290 0 2 3 4 6
3291 3302 0 1 2 3 4 5 6
3303 3333 0 2 3 4 6
3334 3336 0 1 2 3 4 5 6
3337 3343 0 2 3 4 6
3344 3344 0 1 2 3 4 5 6
3345 3345 2 3 4 6
3346 3347 0 2 3 4 6
3348 3348 2 3 4 6
3349 3359 0 2 3 4 6
3360 3364 0 1 2 3 4 5 6
3365 3370 0 2 3 4 6
3371 3371 1 2 3 4 5 6
3372 3372 0 1 2 3 4 6
3373 3377 0 2 3 4 6
3378 3382 0 1 2 3 4 5 6
3383 3403 0 2 3 4 6
3404 3405 0 2 3 4
3406 3409 0 2 3 4 6
3410 3410 0 1 2 3 4 6
3411 3414 0 2 3 4 6
3415 3415 0 2 3 4
3416 3416 0 1 2 3 4 5
3417 3417 0 2 3 4
3418 3424 0 2 3 4 6
3425 3425 2 3 4 6
3426 3427 1 2 3 4 5 6
3428 3432 0 2 3 4 6
3433 3433 0 1 2 3 4 5
3434 3434 0 2 3 4
3435 3437 0 2 3 4 6
3438 3442 0 1 2 3 4 5 6
3443 3447 0 2 3 4 6
3448 3448 0 2 3 4
3449 3452 0 2 3 4 6
3454 3454 0 1 2 3 4 5 6
3455 3457 0 2 3 4 6
3459 3461 0 2 3 4 6
3463 3468 0 2 3 4 6
3470 3473 0 2 3 4 6
3476 3491 0 2 3 4 6
3492 3492 1 4 5 6
3493 3505 0 2 3 4 6
3506 3507 0 1 2 3 4 5 6
3508 3509 0 2 3 4 6
3510 3510 2 3 4 6
3511 3511 1 2 3 4 5 6
3512 3514 0 2 3 4 6
3515 3516 0 2 3 4
3517 3523 0 2 3 4 6
3524 3525 0 1 2 3 4 5 6
3526 3526 0 2 3 4 6
3527 3528 0 1 2 3 4 5 6
3529 3533 0 2 3 4 6
3534 3539 0 1 2 3 4 5 6
3540 3540 0 2 3 4 6
3541 3551 0 1 2 3 4 5 6
3552 3609 0 2 3 4 6
3610 3610 0 2 3 4
3611 3611 0 1 2 3 4 5
3612 3624 0 1 2 3 4 5 6
3625 3625 0 1 2 3 4 5
3626 3626 0 1 2 3 4
3627 3634 0 2 3 4 6
3635 3640 0 1 2 3 4 5 6
3641 3652 0 2 3 4 6
3653 3658 0 1 2 3 4 5 6
3659 3674 0 2 3 4 6
3675 3677 0 1 2 3 4 5 6
3678 3690 0 2 3 4 6
3691 3691 0 1 2 3 4 5 6
3692 3695 0 2 3 4 6
3696 3696 2 3 4 6
3697 3701 0 2 3 4 6
3702 3702 4 6
3703 3706 0 2 3 4 6
3707 3708 0 1 2 3 4 5 6
3709 3709 0 2 3 4 6
3710 3710 2 3 4 6
3711 3712 0 1 2 3 4 5 6
3713 3714 0 2 3 4 6
3715 3715 0 1 2 3 4 5 6
3716 3716 0 1 2 3 4 6
3717 3718 0 1 2 3 4 5 6
3719 3721 0 1 2 3 4 6
3722 3722 0 2 3 4 6
3723 3723 2 3 4 6
3724 3724 1 2 3 4 5 6
3725 3726 0 1 2 3 4 5
3727 3727 0 2 3 4
3728 3728 0 1 2 3 4 6
3729 3732 0 2 3 4 6
3733 3734 0 1 2 3 4 6
3735 3735 0 1 2 3 4
3736 3738 0 2 3 4 6
3739 3740 0 1 2 3 4 5 6
3741 3741 0 2 3 4 6
3742 3742 1 2 3 4 5 6
3743 3745 0 2 3 4 6
3746 3746 0 1 2 3 4 5 6
3747 3748 0 2 3 4 6
3749 3749 0 1 2 3 4 5 6
3750 3754 0 2 3 4 6
3755 3757 0 1 2 3 4 5 6
3758 3758 0 1 2 3 5
3759 3760 0 1 2 3
3761 3761 0 1 2 3 4
3762 3762 0 2 3 4 6
3763 3766 0 1 2 3 4 5 6
3767 3769 0 2 3 4 6
3770 3774 0 1 2 3 4 5 6
3775 3775 0 2 3 4 6
3776 3779 0 1 2 3 4 5 6
3780 3783 0 2 3 4 6
3784 3786 0 1 2 3 4 5 6
3787 3789 0 1 2 3 4 6
3793 3798 0 1 2 3 4 6
3800 3802 0 1 2 3 4 6
3803 3804 0 1 2 3 4 5 6
3805 3806 0 1 2 4 5 6
3807 3814 0 1 2 4 6
3815 3815 0 1 2 3 4 5 6
3816 3818 0 1 2 4 6
3819 3819 0 2 4 6
3820 3820 1 2 4 6
3821 3821 0 1 2 4 6
3822 3827 0 1 2 3 4 5 6
3828 3828 0 1 2 4 6
3829 3829 0 1 2 3 4 5 6
3830 3833 0 1 2 4 6
3834 3834 1 4 6
3835 3837 1 2 3 4 5 6
3838 3842 0 1 2 4 6
3843 3843 0 1 2 3 4 5 6
3844 3844 1 2 4 6
3845 3845 1 3 4 5 6
3846 3847 0 1 2 3 4 5 6
3848 3849 0 1 2 4 6
3850 3853 0 1 2 3 4 5 6
3854 3866 0 1 2 4 6
3867 3867 0 1 3 4 6
3868 3868 0 1 2 3 4 6
3869 3870 0 1 2 4 6
3871 3872 0 1 2 3 4 5 6
3875 3876 0 1 2 3 4 5 6
3877 3877 0 1 2 3 4 6
3878 3878 0 1 2 3 4 5 6
3879 3881 0 1 2 4 5 6
3882 3888 0 1 2 3 4 5 6
3889 3889 0 1 4 6
3890 3898 0 1 2 3 4 5 6
3899 3901 0 1 2 4 5 6
3902 3903 0 2 4 6
3904 3905 0 1 2 4 5 6
3906 3906 0 2 4 6
3907 3911 0 1 2 4 6
3912 3916 0 1 2 3 4 5 6
3917 3932 0 1 2 4 6
3933 3933 0 1 2
3934 3935 0 1 2 4 5
3936 3941 0 1 2 4 6
3942 3942 0 1 2 3 4 6
3943 3954 0 1 2 4 6
3955 3967 0 1 2 3 4 5 6
3968 3973 0 1 2 3 4 5
3974 3974 0 1 2 3 4 6
3975 3975 0 1 2 3 4
3976 3976 0 1 2 3 4 5
3977 3977 0 1 2 3 4 5 6
3978 3983 0 1 2 3 5
3984 3984 1 2 3 5
3985 3986 1 3 4 5 6
3987 3988 0 1 2 3 4 5 6
3989 3989 0 1 2 4 6
3990 3990 1 4 6
3991 3991 1 3 4 6
3992 3993 0 1 2 3 4 6
3994 3995 6
3996 3996 1 2 3 4 5
3997 3998 6
3999 3999 0 1 2 3 4 5 6
4000 4001 6
4002 4002 1 2 3 4 5 6
4003 4004 1 3 4 5 6
4005 4005 1 2 3 4 5 6
4006 4006 1 3 4 5 6
4007 4007 0 1 2 3 4 5 6
4008 4008 3 4 5
4009 4009 1 3 4 5 6
4010 4011 3 4 5
4019 4020 0 1 2 3 4 5 6
4027 4027 0 1 2 3 4 5 6
4029 4029 1 2 3 4 5 6
4057 4060 0 1 3 4 5 6
4062 4063 0 2 3 4 5 6
4064 4069 3 4 5 6
4070 4072 0 1 3 4 5 6
4073 4073 1 3 4 5 6
4074 4074 1 2 3 4 5 6
4075 4081 0 1 3 4 5 6
4082 4086 0 1 2 3 4 5 6
4087 4087 1 2 3 4 5 6
4088 4089 1 3 4 5 6
4090 4104 0 1 3 4 5 6
4105 4107 0 1 2 3 4 5 6
4108 4108 1 3 4 5 6
4109 4136 0 1 3 4 5 6
4137 4137 3 4 5 6
4138 4138 1 3 4 5 6
4139 4148 0 1 3 4 5 6
4149 4152 0 1 2 3 4 5 6
4153 4153 0 1 3 4 5 6
4154 4158 0 1 2 3 4 5 6
4159 4159 0 1 3 4 5 6
4160 4227 0 1 2 3 4 5 6
4228 4228 0 1 3 4 5 6
4229 4231 0 1 2 3 4 5 6
4311 4313 0 1 2 3 4 5 6
4322 4325 0 1 2 3 4 5 6
4328 4328 0 1 2 3 4 5 6
4332 4332 0 1 2 3 4 5 6
4336 4337 0 1 2 3 4 5 6
4339 4339 0 1 2 3 4 5 6
4342 4342 0 1 2 3 4 5 6
4345 4350 0 1 2 3 4 5 6
4352 4352 0 1 2 3 4 5 6
4354 4354 0 1 2 3 4 5 6
4355 4357 1 2 3 4 5 6
4359 4361 1 2 3 4 5 6
4362 4366 0 1 2 3 4 5 6
4367 4367 2 3 4 5 6
4368 4421 1 2 3 4 5 6
4422 4422 0 1 2 3 4 5 6
4423 4439 1 2 3 4 5 6
4440 4440 0 1 2 3 4 5 6
4441 4445 1 2 3 4 5 6
4446 4455 0 1 2 3 4 5 6
4456 4472 1 2 3 4 5 6
4473 4474 0 1 2 3 4 5
4475 4475 1 2 3 4 5 6
4476 4476 0 1 2 3 4 5
4477 4477 1 2 3 4 5
4478 4478 0 1 2 3 4 5
4479 4567 1 2 3 4 5 6
4568 4582 0 2 3 4 5 6
4583 4601 1 2 3 4 5 6
4602 4607 0 1 3 4 5 6
4608 4617 1 2 3 4 5 6
4618 4622 0 1 2 4 5 6
4623 4624 1 2 3 4 5 6
4625 4628 0 1 2 4 5 6
4629 4629 0 1 2 3 5 6
4630 4630 0 1 2 3 4 5
4631 4637 0 2 3 4 5 6
4638 4649 0 1 2 3 4 5
4650 4653 0 1 2 4 5 6
4654 4654 0 2 3 4 5 6
4655 4655 2 3 4 5 6
4656 4656 0 2 3 4 5 6
4657 4665 0 1 2 3 4 5
4666 4672 2 4 5
4673 4688 1 2 3 4 5 6
4689 4695 0 2 3 4 5 6
4696 4697 0 1 2 3 4 5
4698 4699 1 2 3 4 5 6
4700 4702 0 1 2 4 5 6
4703 4704 0 1 2 3 4 5 6
4705 4707 1 2 3 4 5 6
4708 4715 0 2 3 4 5 6
4716 4722 1 3 4 5 6
4723 4724 0 1 2 3 4 5 6
4725 4726 1 3 4 5 6
4727 4727 0 1 3 4 5 6
4728 4729 0 1 2 3 4 5 6
4730 4731 0 1 2 3 5 6
4732 4736 0 1 3 4 5 6
4737 4740 1 3 4 5 6
4741 4751 0 1 2 3 4 5
4752 4756 0 1 2 3 4 5 6
4757 4766 1 3 4 5 6
4767 4768 0 1 2 3 4 5 6
4769 4769 0 1 2 3 4 5
4770 4770 0 1 2 4 5 6
4771 4771 1 2 3 4 5 6
4772 4772 1 2 4 5 6
4773 4780 0 1 2 4 5 6
4781 4787 1 3 4 5 6
4788 4789 0 1 2 3 4 5
4790 4790 1 3 4 5
4791 4801 1 3 4 5 6
4802 4802 3 4 5 6
4803 4804 0 1 2 3 4 5
4805 4805 0 1 2 3 4 5 6
4806 4806 0 1 2 3 4 5
4807 4807 1 3 4 5
4808 4809 1 3 4 5 6
4810 4817 0 1 3 4 5 6
4818 4819 1 3 4 5 6
4820 4820 0 1 2 3 4 5 6
4821 4821 1 3 4 5 6
4822 4823 0 1 2 3 4 5
4824 4824 0 1 2 4 5
4825 4827 0 1 2 3 4 5
4828 4828 1 2 3 4 5 6
4829 4829 1 4 5 6
4830 4833 1 3 4 5 6
4834 4856 0 3 4 5 6
4857 4857 0 1 2 3 4 5
4858 4873 0 3 4 5 6
4874 4885 0 1 2 3 4 5 6
4886 4928 0 3 4 5 6
4929 4929 0 1 2 3 4 5 6
4930 4948 0 3 4 5 6
4949 4949 0 1 2 3 4 5 6
4950 4953 0 3 4 5 6
4954 4954 0 4 5 6
4955 4955 0 1 2 4 5 6
4956 4961 0 1 2 5 6
4962 4964 0 1 2 3 4 5 6
4965 4966 0 1 2 5 6
4967 4967 0 1 2 3 4 5 6
4968 4969 0 1 2 5 6
4970 4971 0 1 2 3 4 5 6
4972 4976 0 1 2 5 6
4977 4977 0 1 2 3 4 5 6
4978 4987 0 1 2 5 6
4988 4989 0 1 2 3 4 5 6
4990 4994 0 1 2 5 6
4995 4999 0 4 5 6
5000 5010 1 2 4 5 6
5011 5021 1 2 3 4 5 6
5022 5028 0 3 4 5 6
5029 5029 0 4 5 6
5030 5031 0 1 2 4 5 6
5032 5037 0 1 4 5 6
5038 5041 1 2 3 4 5 6
5042 5044 0 1 4 5 6
5045 5045 0 1 5 6
5046 5061 0 1 4 5 6
5062 5063 0 1 3 4 5 6
5064 5064 0 1 2 3 4 5 6
5065 5070 0 1 4 5 6
5071 5071 1 4 5 6
5072 5079 0 1 3 4 5 6
5080 5092 0 1 4 5 6
5093 5093 0 1 4 6
5094 5098 4
5099 5102 0 1 2 4 5
5103 5103 0 1 2 3 4 5
5104 5105 0 1 2 4 5
5106 5106 0 1 4
5107 5113 0 1 4 6
5114 5114 0 1 3 4 6
5115 5116 0 1 4 6
5117 5118 0 2 3 4 5 6
5119 5130 0 1 4 6
5131 5133 0 4 6
5134 5167 0 1 2 3 4 5 6
5168 5169 1 2 3 4 5 6
5170 5173 0 1 4 6
5174 5179 1 2 3 4 5 6
5180 5187 0 1 4 6
5188 5191 0 1 2 3 4 5 6
5192 5192 0 1 4 6
5193 5194 0 2 3 4 5 6
5195 5195 1 4 5 6
5196 5200 0 2 3 4 5 6
5201 5204 1 2 3 4 5 6
5205 5205 2 3 4 5 6
5206 5206 4 6
5207 5207 0 1 4 6
5208 5210 0 4 6
5211 5217 0 1 2 3 4 5 6
5218 5218 0 4 6
5219 5219 1 2 3 4 5 6
5220 5223 0 4 6
5224 5224 0 3 4 5 6
5225 5227 1 2 3 4 5 6
5228 5228 2 3 4 5 6
5229 5229 1 2 3 4 5 6
5230 5235 0 4 6
5236 5248 1 2 3 4 5 6
5249 5249 4 6
5250 5250 1 2 3 4 5 6
5251 5251 2 3 4 5 6
5252 5255 1 2 3 4 5 6
5256 5263 0 1 2 3 5 6
5264 5264 1 2 3 5 6
5265 5267 1 2 3 4 5 6
5268 5270 0 1 2 3 5 6
5271 5272 0 1 2 3 4 5 6
5273 5273 0 2 3 5 6
5274 5275 0 1 2 3 4 5 6
5276 5276 0 1 2 3 5 6
5277 5277 0 2 3 5 6
5278 5284 0 1 2 3 5 6
5285 5288 0 1 2 3 4 5 6
5289 5294 1 2 3 4 5 6
5295 5298 0 1 2 3 5 6
5299 5299 0 2 3 5 6
5300 5335 1 2 3 4 5 6
5336 5337 0 1 2 3 4 5 6
5338 5351 1 2 3 4 5 6
5352 5352 0 2 3 5 6
5353 5367 1 2 3 4 5 6
5368 5368 1 2 3 5 6
5369 5370 1 2 3 4 5 6
5371 5371 0 1 2 3 5 6
5372 5385 1 2 3 4 5 6
5386 5390 2 3 4 5 6
5391 5394 0 1 2 3 4 5 6
5395 5413 1 2 3 4 5 6
5414 5414 0 1 2 3 4 5 6
5415 5434 1 2 3 4 5 6
5435 5435 1 2 4
5436 5436 1 4
5437 5478 1 4 5
5479 5480 0 1 3 4 5 6
5481 5481 1 5
5482 5482 1 4 5
5483 5483 0 1 2 3 5
5484 5484 1 2 3 5
5485 5489 1 2 3 4 5
5490 5490 0 1 2 3 5 6
5491 5491 0 2 3 5 6
5492 5492 0 2 3 4 5 6
5493 5501 0 5
5502 5502 1 2 3 4 5 6
5503 5511 0 5
5512 5512 0 1 5
5513 5517 1 5
5518 5518 5
5519 5519 0 5
5520 5522 0 2 3 4 5 6
5523 5523 0 5
5524 5525 1 5
5526 5527 1 2 3 4 5 6
5528 5539 0 2 3 4 5 6
5540 5540 1 2 3 4 5 6
5541 5544 0 5
5545 5548 1 5
5549 5558 0 5
5559 5565 0 2 3 4 5 6
5566 5566 0 5
5567 5569 0 2 3 4 5 6
5570 5583 0 5
5584 5584 0 2 3 4 5 6
5585 5585 0 5
5586 5600 0 1 5
5601 5605 0 5
5606 5690 0 2 3 4 5 6
5691 5693 0 1 5
5694 5696 0 2 3 4 5 6
5697 5700 0 1 2 3 4 5 6
5701 5734 0 2 3 4 5 6
5735 5735 0 1 2 3 4 5 6
5736 5766 0 2 3 4 5 6
5767 5778 0 5
5779 5779 0 2 3 4 5 6
5780 5781 0 5
5782 5782 0 2 3 4 5 6
5783 5785 0 1 2 3 4 5 6
5786 5788 0 1 5
5789 5796 0 5
5797 5797 0 2 3 4 5 6
5798 5798 0 5
5799 5800 0 2 3 4 5 6
5801 5820 0 5
5821 5821 0 2 3 4 5 6
5822 5822 0 5
5823 5824 0 2 3 4 5 6
5825 5825 0 2 3 4 5
5826 5836 0 2 3 4 5 6
5837 5837 0 1 2 3 4 5
5838 5838 0 1 3 4 5
5839 5839 0 1 4 5
5840 5842 0 5
5843 5844 0 2 3 4 5 6
5845 5845 0 1 2 3 4 5
5846 5847 0 2 3 4 5 6
5848 5848 0 1 2 3 4 5
5849 5849 0 1 3 4 5
5850 5850 0 1 4 5
5851 5851 0 1 5
5852 5852 0 1 5 6
5853 5854 0 1 2 5 6
5855 5855 0 2 3 4 5 6
5856 5857 0 5
5858 5858 0 1 5
5859 5859 0 5
5860 5864 0 2 3 4 5 6
5865 5867 0 1 2 3 4 5 6
5868 5871 0 2 3 4 5 6
5872 5872 2 3 4 5 6
5873 5878 0 2 3 4 5 6
5879 5880 0 5
5881 5882 0 1 2 3 4 5 6
5883 5888 0 5
5889 5889 0 2 3 4 5 6
5890 5891 0 1 5
5892 5894 0 5
5895 5895 0 1 2 5
5896 5896 0 5
5897 5897 0 1 2 5
5898 5898 0 5
5899 5900 0 2 3 4 5 6
5901 5905 0 5
5906 5907 0 2 3 4 5 6
5908 5909 0 5
5910 5917 0 2 3 4 5 6
5918 5918 0 5
5919 5933 0 2 3 4 5 6
5934 5940 0 1 2 3 4 5 6
5941 5969 0 2 3 4 5 6
5970 5978 0 5
5979 5982 1 2 3 4 5 6
5983 5983 0 2 3 4 5 6
5984 5989 0 5
5990 5992 0 2 3 4 5 6
5993 6001 1 2 3 4 5 6
6002 6007 0 5
6008 6008 1 2 3 4 5 6
6009 6013 0 5
6014 6017 0
6018 6018 1 2 3 4 5 6
6019 6021 0 2 3 4 5 6
6022 6023 1 2 3 4 5 6
6024 6033 0
6034 6034 2 3 4 5 6
6035 6038 0 1 2
6039 6039 0 2
6040 6043 0
6044 6044 0 1 2 3 4 5 6
6045 6045 0
6046 6046 1 2 3 4 5 6
6047 6048 0
6049 6049 0 2 3 4 5 6
6050 6060 0 2 3 4 5
6061 6067 0 2 3 4
6074 6077 0 2 3 4
6078 6096 0
6097 6103 0 2 3 4 5
6104 6107 2 3 4 5 6
6108 6117 0
6118 6118 0 1 2 3 5 6
6119 6119 0
6120 6122 0 5
6123 6123 0
6124 6124 1 2 3 4 5 6
6125 6125 2 3 4 5 6
6126 6130 1 2 3 4 5 6
6131 6139 0
6141 6145 0
6146 6148 1 2 3 4 5 6
6149 6158 0
6159 6159 1 2 3 4 5 6
6160 6168 0
6169 6171 1 2 3 4 5 6
6172 6172 1 2 3 4 6
6175 6176 0
6177 6179 1 2 3 4 5 6
6181 6181 0
6183 6183 0
6184 6187 0 2 3 4
6188 6188 0
6189 6191 0 2 3 4
6192 6196 0
6200 6202 0
6203 6203 0 2 3 4 6
6204 6223 0
6224 6224 1 2 3 4 5 6
6227 6246 0
6265 6272 0 1 2 3 4 5 6
6359 6359 1 2
6360 6360 1 2 3 4 5 6
6373 6373 0 1 2 3 4 5 6
6382 6400 1 2 3 4 5 6
6401 6402 2 3 4 5 6
6403 6404 0
6405 6405 2 3 4 5 6
6406 6418 1 2 3 4 5 6
6419 6422 0
6423 6428 1 2 3 4 5 6
6430 6430 1 2 3 4 5 6
6431 6437 0
6439 6439 1 2 3 4 5 6
6440 6441 0 1 2 3 4 5 6
6442 6442 1 2 3 4 5 6
6446 6449 1 2 3 4 5 6
6458 6463 1 2 3 4 5 6
6469 6469 1
6471 6471 2 3 4 5 6
6505 6505 0 1 3 5 6
6515 6515 0 1 3 5 6
6517 6517 0 1 3 5 6
6519 6519 0 1 3 5 6
6522 6522 0 1 3 5 6
6550 6550 1 2 3 4 5 6
6558 6560 1 2 3 4 5 6
6574 6575 0
6698 6701 1 2 3 4 5 6
6707 6709 0 2 3 4 5 6
6710 6710 2 3 4 5 6
6711 6719 1 2 3 4 5 6
6733 6736 0 1 2 3 4 5 6
6737 6749 1 2 3 4 5 6
6752 6760 1 2 3 4 5 6
6763 6766 0 1 2 3 4 5 6
6773 6779 1 2 3 4 5 6
6780 6782 0 1 2 3 4 5 6
6783 6783 1 2 3 4 5 6
6810 6813 1 2 3 4 5 6
6814 6814 2 3 4 5 6
6818 6818 1 2 3 4 5 6
6819 6819 0 1 2 3 4 5 6
6820 6825 1 2 3 4 5 6
6828 6831 2 3 4 5 6
6832 6833 4 5 6
6834 6836 2 3 4 5 6
6837 6842 1 2 3 4 5 6
6846 6855 1 2 3 4 5 6
6858 6860 0 2 3 4 5 6
6861 6861 1 2 3 4 5 6
6862 6862 2 3 4 5 6
6863 6871 2 3 5 6
6872 6873 0 2 3 4 5 6
6874 6874 0 1 2 3 4 5 6
6875 6880 2 3 4 5 6
6881 6881 0 1 2 3 4 5 6
6882 6882 2 3 4 5 6
6884 6884 2 3 4 5 6
6885 6886 0 2 3 4 5 6
6887 6887 2 3 4 5 6
6888 6892 1 2 3 4 5 6
6893 6893 2 3 4 5 6
6894 6897 0 2 3 4 5 6
6898 6903 0 2 3 4 5
6904 6904 0 2 3 4
6905 6905 0 4
6906 6908 2 3 4 5 6
6910 6912 2 3 4 5 6
6913 6915 0 1 2 3 4 5 6
6916 6916 2 3 4 5 6
6917 6942 1 2 3 4 5 6
6951 6977 0 1 2 3 4 5 6 7 8 9 10 11 12 13 14 15
6978 7007 1 2 3 4 5 6 7 8 9 10 11 12 13 14 15
7008 7008 0 1 2 3 4 5 6 7 8 9 10 11 12 13 14 15
7009 7014 1 2 3 4 5 6 7 8 9 10 11 12 13 14 15
7015 7044 0 1 2 3 4 5 6 7 8 9 10 11 12 13 14 15
7045 7052 1 2 3 4 5 6 7 8 9 10 11 12 13 14 15
7053 7053 0 1 2 3 4 5 6 7 8 9 10 11 12 13 14 15
7054 7077 2 3 4 5 6 7 8 9 10 11 12 13 14 15
7078 7078 0 1 2 3 4 5 6 7 8 9 10 11 12 13 14 15
7079 7082 2 3 4 5 6 7 8 9 10 11 12 13 14 15
7083 7084 1 2 3 4 5 6 7 8 9 10 11 12 13 14 15
7085 7088 0 1 2 3 4 5 6 7 8 9 10 11 12 13 14 15
7089 7089 2 3 4 5 6 7 8 9 10 11 12 13 14 15
7090 7094 0 2 3 4 5 6 7 8 9 10 11 12 13 14 15
7095 7097 2 3 4 5 6 7 8 9 10 11 12 13 14 15
7098 7105 1 2 3 4 5 6 7 8 9 10 11 12 13 14 15
7106 7107 0 1 2 3 4 5 6 7 8 9 10 11 12 13 14 15
7108 7118 1 2 3 4 5 6 7 8 9 10 11 12 13 14 15
7119 7120 2 3 4 5 6 7 8 9 10 11 12 13 14 15
7121 7123 1 2 3 4 5 6 7 8 9 10 11 12 13 14 15
7124 7127 2 3 4 5 6 7 8 9 10 11 12 13 14 15
7128 7137 1 2 3 4 5 6 7 8 9 10 11 12 13 14 15
7138 7154 0 1 2 3 4 5 6 7 8 9 10 11 12 13 14 15
7155 7155 1 2 3 4 5 6 7 8 9 10 11 12 13 14 15
7156 7177 0 2 3 4 5 6 7 8 9 10 11 12 13 14 15
7178 7181 0 1 2 3 4 5 6 7 8 9 10 11 12 13 14 15
7182 7184 0 2 3 4 5 6 7 8 9 10 11 12 13 14 15
7185 7190 0 1 2 3 4 5 6 7 8 9 10 11 12 13 14 15
7191 7194 2 3 4 5 6 7 8 9 10 11 12 13 14 15
7195 7195 3 4 5 6 7 8 9 10 11 12 13 14 15
7196 7196 0 2 3 4 5 6 7 8 9 10 11 12 13 14 15
7197 7197 0 1 3 4 5 6 7 8 9 10 11 12 13 14 15
7198 7199 0 3 4 5 6 7 8 9 10 11 12 13 14 15
7200 7200 0 2 3 4 5 6 7 8 9 10 11 12 13 14 15
7201 7201 0 3 4 5 6 7 8 9 10 11 12 13 14 15
7202 7203 0 1 3 4 5 6 7 8 9 10 11 12 13 14 15
7204 7210 0 2 3 4 5 6 7 8 9 10 11 12 13 14 15
7211 7212 0 1 3 4 5 6 7 8 9 10 11 12 13 14 15
7213 7214 0 2 3 4 5 6 7 8 9 10 11 12 13 14 15
7215 7215 0 1 3 4 5 6 7 8 9 10 11 12 13 14 15
7216 7223 0 2 3 4 5 6 7 8 9 10 11 12 13 14 15
7224 7224 0 1 2 3 4 5 6 7 8 9 10 11 12 13 14 15
7225 7238 0 2 3 4 5 6 7 8 9 10 11 12 13 14 15
7239 7239 0 1 2 3 4 5 6 7 8 9 10 11 12 13 14 15
7250 7251 0 2 3 4 5 6 7 8 9 10 11 12 13 14 15
7252 7252 0 1 2 3 4 5 6 7 8 9 10 11 12 13 14 15
7253 7255 0 2 3 4 5 6 7 8 9 10 11 12 13 14 15
7256 7256 0 1 2 3 4 5 6 7 8 9 10 11 12 13 14 15
7257 7258 0 2 3 4 5 6 7 8 9 10 11 12 13 14 15
7259 7260 1 2 3 4 5 6 7 8 9 10 11 12 13 14 15
7261 7284 0 2 3 4 5 6 7 8 9 10 11 12 13 14 15
7285 7291 2 3 4 5 6 7 8 9 10 11 12 13 14 15
7292 7294 1 2 3 4 5 6 7 8 9 10 11 12 13 14 15
7295 7316 2 3 4 5 6 7 8 9 10 11 12 13 14 15
7317 7317 0 1 2 3 4 5 6 7 8 9 10 11 12 13 14 15
7318 7322 2 3 4 5 6 7 8 9 10 11 12 13 14 15
7323 7325 0 1 2 3 4 5 6 7 8 9 10 11 12 13 14 15
7326 7328 2 3 4 5 6 7 8 9 10 11 12 13 14 15
7329 7332 0 1 2 3 4 5 6 7 8 9 10 11 12 13 14 15
7333 7336 2 3 4 5 6 7 8 9 10 11 12 13 14 15
7337 7355 0 1 2 3 4 5 6 7 8 9 10 11 12 13 14 15
7356 7362 2 3 4 5 6 7 8 9 10 11 12 13 14 15
7363 7363 0 1 2 3 4 5 6 7 8 9 10 11 12 13 14 15
7364 7378 2 3 4 5 6 7 8 9 10 11 12 13 14 15
7379 7387 1 2 3 4 5 6 7 8 9 10 11 12 13 14 15
7388 7390 0 1 2 3 4 5 6 8 9 10 11 12 13 14 15
7391 7391 0 1 2 3 4 5 6 7 8 9 10 11 12 13 14 15
7392 7395 1 2 3 4 6 7 8 9 10 11 12 13 14 15
7396 7398 1 2 3 4 5 6 7 8 9 10 11 12 13 14 15
7399 7402 1 2 3 4 6 7 8 9 10 11 12 13 14 15
7403 7403 2 3 4 6 7 8 9 10 11 12 13 14 15
7404 7405 2 3 4 5 6 7 8 9 10 11 12 13 14 15
7406 7406 1 2 3 4 5 6 7 8 9 10 11 12 13 14 15
7407 7410 1 2 3 4 6 7 8 9 10 11 12 13 14 15
7411 7412 7 8 9 10 11 12 13 14 15
7413 7416 0 1 3 4 5 6 7 8 9 10 11 12 13 14 15
7417 7431 7 8 9 10 11 12 13 14 15
7432 7432 0 1 2 3 4 5 6 8 9 10 11 12 13 14 15
7433 7433 7 8 9 10 11 12 13 14 15
7434 7434 0 1 2 3 4 5 6 7 8 9 10 11 12 13 14 15
7435 7473 7 8 9 10 11 12 13 14 15
7474 7489 0 1 2 3 4 5 6 7 8 9 10 11 12 13 14 15
7490 7490 7 8 9 10 11 12 13 14 15
7491 7496 0 1 2 3 4 5 6 7 8 9 10 11 12 13 14 15
7497 7518 2 8 9 10 11 12 13 14 15
7519 7519 0 1 2 3 4 5 6 7 8 9 10 11 12 13 14 15
7520 7530 2 8 9 10 11 12 13 14 15
7531 7531 0 1 2 3 4 5 6 7 8 9 10 11 12 13 14 15
7532 7532 0 1 3 4 5 6 7 8 9 10 11 12 13 14 15
7533 7537 0 1 2 3 4 5 6 7 8 9 10 11 12 13 14 15
7538 7578 2 8 9 10 11 12 13 14 15
7579 7579 0 2 4 5 6 7 8 9 10 11 12 13 14 15
7580 7580 2 8 9 10 11 12 13 14 15
7581 7583 1 2 8 9 10 11 12 13 14 15
7584 7602 2 8 9 10 11 12 13 14 15
7606 7629 2 8 9 10 11 12 13 14 15
7630 7630 2 9 10 11 12 13 14 15
7631 7634 2 8 9 10 11 12 13 14 15
7635 7639 0 1 2 3 4 5 6 7 8 9 10 11 12 13 14 15
7640 7647 2 8 9 10 11 12 13 14 15
7648 7648 0 1 2 3 4 5 6 7 8 9 10 11 12 13 14 15
7649 7651 2 10 11 12 13 14 15
7652 7658 2 8 9 10 11 12 13 14 15
7659 7659 2 10 11 12 13 14 15
7660 7660 2 8 9 10 11 12 13 14 15
7661 7661 2 10 11 12 13 14 15
7662 7667 2 8 9 10 11 12 13 14 15
7668 7668 2 10 11 12 13 14 15
7669 7669 2 8 9 11 12 13 14 15
7670 7684 2 8 9 10 11 12 13 14 15
7685 7685 1 2 8 9 10 11 12 13 14 15
7686 7689 2 8 9 10 11 12 13 14 15
7690 7694 1 2 8 9 10 11 12 13 14 15
7695 7697 2 8 9 10 11 12 13 14 15
7698 7698 2 9 10 11 12 13 14 15
7699 7718 2 8 9 10 11 12 13 14 15
7719 7724 2 8 9 11 12 13 14 15
7725 7734 0 1 2 3 4 5 6 7 8 9 10 11 12 13 14 15
7735 7740 2 8 9 11 12 13 14 15
7741 7742 0 1 2 3 4 5 6 7 8 9 10 11 12 13 14 15
7743 7757 2 8 9 11 12 13 14 15
7758 7760 1 2 8 9 11 12 13 14 15
7761 7764 1 2 8 9 12 13 14 15
7765 7765 2 8 9 12 13 14 15
7766 7767 2 8 9 11 12 13 14 15
7768 7772 1 2 8 9 11 12 13 14 15
7773 7777 2 8 9 11 12 13 14 15
7778 7803 2 8 9 10 11 12 13 14 15
7804 7804 0 1 2 3 4 5 6 7 8 9 10 11 12 13 14 15
7805 7806 2 8 9 10 11 12 13 14 15
7807 7807 1 2 8 9 10 11 12 13 14 15
7808 7814 2 8 9 10 11 12 13 14 15
7815 7817 1 2 8 9 10 11 12 13 14 15
7818 7828 2 8 9 10 11 12 13 14 15
7829 7835 1 2 8 9 10 11 12 13 14 15
7836 7841 0 1 2 3 4 5 6 7 8 9 10 11 12 13 14 15
7842 7847 1 2 8 9 10 11 12 13 14 15
7848 7852 0 1 2 3 4 5 6 7 8 9 10 11 12 13 14 15
7853 7854 2 8 9 10 11 12 13 14 15
7855 7859 2 3 4 5 6 7 8 9 10 11 12 13 14 15
7860 7860 0 1 2 3 4 5 6 7 8 9 10 11 12 13 14 15
7861 7866 2 8 9 10 11 12 13 14 15
7867 7869 0 2 3 4 5 6 7 8 9 10 11 12 13 14 15
7870 7890 2 8 9 10 11 12 13 14 15
7891 7893 2 9 10 11 12 13 14 15
7894 7896 1 2 8 9 10 11 12 13 14 15
7897 7912 2 8 9 10 11 12 13 14 15
7913 7916 0 1 2 3 4 5 6 7 8 9 10 11 12 13 14 15
7917 7931 2 8 9 10 11 12 13 14 15
7932 7936 0 1 2 3 4 5 6 7 8 9 10 11 12 13 14 15
7937 7946 2 8 9 10 11 12 13 14 15
7947 7947 0 1 2 3 4 5 6 7 8 9 10 11 12 13 14 15
7948 7956 2 8 9 10 11 12 13 14 15
7957 7961 0 1 2 3 4 5 6 7 8 9 10 11 12 13 14 15
7962 7966 2 8 9 10 11 12 13 14 15
7967 7978 2 8 9 11 12 13 14 15
7979 7981 2 3 4 5 6 7 8 9 10 11 12 13 14 15
7982 8107 2 8 9 11 12 13 14 15
8108 8112 0 1 2 3 4 5 6 7 8 9 10 11 12 13 14 15
8114 8131 0 1 2 3 4 5 6 7 8 9 10 11 12 13 14 15
8132 8147 2 8 9 11 12 13 14 15
8148 8149 2 3 4 5 6 7 8 9 10 11 12 13 14 15
8150 8178 2 8 9 11 12 13 14 15
8179 8179 2 3 4 5 6 7 8 9 10 11 12 13 14 15
8180 8198 2 8 9 11 12 13 14 15
8199 8206 0 1 2 3 4 5 6 7 8 9 10 11 12 13 14 15
8207 8236 2 8 9 11 12 13 14 15
8237 8238 0 1 2 3 4 5 6 7 8 9 10 11 12 13 14 15
8239 8240 2 8 9 11 12 13 14 15
8241 8241 0 2 3 4 5 6 7 8 9 10 11 13 14 15
8242 8243 2 3 4 5 6 7 8 9 10 11 12 13 14 15
8244 8261 2 8 9 11 12 13 14 15
8262 8262 0 1 2 3 4 5 6 7 8 9 10 11 12 13 14 15
8263 8277 2 8 9 11 12 13 14 15
8278 8280 2 3 4 5 6 7 8 9 10 11 12 13 14 15
8281 8284 2 8 9 11 12 13 14 15
8285 8298 0 1 2 3 4 5 6 7 8 9 10 11 12 13 14 15
8299 8300 2 8 9 11 12 13 14 15
8301 8301 1 2 3 4 5 6 7 8 9 10 11 12 13 14 15
8302 8302 1 3 4 5 6 7 8 9 10 11 12 13 14 15
8303 8304 0 1 2 3 4 5 6 7 8 9 10 11 12 13 14 15
8305 8306 1 3 4 5 6 7 8 9 10 11 12 13 14 15
8307 8307 1 2 3 4 5 6 7 8 9 10 11 12 13 14 15
8308 8324 0 1 2 3 4 5 6 7 8 9 10 11 12 13 14 15
8325 8326 1 2 3 4 5 6 7 8 9 10 11 12 13 14 15
8327 8364 0 1 2 3 4 5 6 7 8 9 10 11 12 13 14 15
8365 8365 1 2 3 4 5 6 7 8 9 10 11 12 13 14 15
8366 8372 0 1 2 3 4 5 6 7 8 9 10 11 12 13 14 15
8373 8373 1 2 3 4 5 6 7 8 9 10 11 12 13 14 15
8374 8382 0 1 2 3 4 5 6 7 8 9 10 11 12 13 14 15
8383 8383 2 8 9 11 12 13 14 15
8384 8385 0 1 2 3 4 5 6 7 8 9 10 11 12 13 14 15
8386 8387 0 1 2 3 4 5 6 7 8 9 10 12 13 14 15
8388 8388 0 1 2 3 4 5 6 7 8 9 10 11 12 13 14 15
8389 8389 1 2 3 4 5 6 7 8 9 10 12 13 14 15
8390 8393 0 1 2 3 4 5 6 7 8 9 10 12 13 14 15
8394 8396 0 1 2 3 4 5 6 7 8 9 10 11 12 13 14 15
8397 8397 0 1 2 3 4 5 6 7 8 9 10 12 13 14 15
8398 8398 1 2 3 4 5 6 7 8 9 10 12 13 14 15
8399 8400 1 2 3 4 5 6 7 8 9 10 11 12 13 14 15
8401 8401 0 1 2 3 4 5 6 7 8 9 10 11 12 13 14 15
8402 8408 1 2 3 4 5 6 7 8 9 10 11 12 13 14 15
8409 8410 0 1 2 3 4 5 6 7 8 9 10 11 12 13 14 15
8411 8414 0 1 2 3 4 5 6 7 8 9 10 12 13 14 15
8415 8420 1 2 3 4 5 6 7 8 9 10 11 12 13 14 15
8421 8421 1 3 4 5 6 7 8 9 10 11 12 13 14 15
8422 8422 0 1 3 4 5 6 7 8 9 10 11 12 13 14 15
8423 8423 1 2 3 4 5 6 7 8 9 10 11 12 13 14 15
8424 8424 0 1 3 4 5 6 7 8 9 10 11 12 13 14 15
8425 8425 1 2 3 4 5 6 7 8 9 10 11 12 13 14 15
8426 8426 1 3 4 5 6 7 8 9 10 11 12 13 14 15
8427 8428 0 1 3 4 5 6 7 8 9 10 11 12 13 14 15
8429 8431 1 2 3 4 5 6 7 8 9 10 11 12 13 14 15
8432 8434 0 1 3 4 5 6 7 8 9 10 11 12 13 14 15
8435 8436 1 2 3 4 5 6 7 8 9 10 11 12 13 14 15
8437 8438 0 1 3 4 5 6 7 8 9 10 11 12 13 14 15
8439 8443 1 2 3 4 5 6 7 8 9 10 11 12 13 14 15
8444 8444 2 3 4 5 6 7 8 9 10 11 12 13 14 15
8445 8450 1 2 3 4 5 6 7 8 9 10 11 12 13 14 15
8451 8470 2 8 9 11 12 13 14 15
8471 8478 2 3 4 5 6 7 8 9 10 11 12 13 14 15
8479 8483 2 8 9 11 12 13 14 15
8484 8486 1 2 3 4 5 6 7 8 9 10 11 12 13 14 15
8487 8487 0 1 2 3 4 5 6 7 8 9 10 11 12 13 14 15
8488 8495 2 8 9 11 12 13 14 15
8496 8507 0 1 2 3 4 5 6 7 8 9 10 11 12 13 14 15
8508 8508 2 3 4 5 6 7 8 9 10 11 12 13 14 15
8509 8586 2 8 9 11 12 13 14 15
8587 8604 8 9 11 12 13 14 15
8605 8606 1 8 9 11 12 13 14 15
8607 8615 8 9 11 12 13 14 15
8616 8619 0 1 2 3 4 5 6 7 8 9 10 11 12 13 14 15
8620 8625 8 9 11 12 13 14 15
8626 8631 2 8 9 11 12 13 14 15
8632 8648 8 9 11 12 13 14 15
8649 8649 8 11 12 13 14 15
8650 8650 0 1 2 3 4 5 6 7 8 10 11 12 13 14 15
8651 8651 8 11 12 13 14 15
8652 8652 8 9 11 12 13 14 15
8653 8654 0 1 2 3 4 5 6 7 8 9 10 11 12 13 14 15
8655 8655 8 11 12 13 14 15
8656 8656 0 1 2 3 4 5 6 7 8 10 11 12 13 14 15
8657 8657 0 1 2 3 4 5 6 7 8 9 10 11 12 13 14 15
8658 8679 8 9 11 12 13 14 15
8680 8685 0 1 2 3 4 5 6 7 8 9 10 11 12 13 14 15
8686 8740 8 9 11 12 13 14 15
8741 8741 0 1 2 3 4 5 6 7 8 9 10 11 12 13 14 15
8742 8742 8 9 11 12 13 14 15
8743 8743 0 1 2 3 4 5 6 7 8 9 10 11 12 13 14 15
8744 8747 8 9 11 12 13 14 15
8748 8749 1 2 8 9 10 11 12 13 14 15
8750 8750 8 9 11 12 13 14 15
8751 8752 1 8 9 11 12 13 14 15
8753 8755 2 3 4 5 6 7 8 9 10 11 12 13 14 15
8756 8756 0 1 2 3 4 5 6 7 8 9 10 11 12 13 14 15
8757 8774 2 3 4 5 6 7 8 9 10 11 12 13 14 15
8775 8809 8 9 11 12 13 14 15
8810 8810 0 1 2 3 4 5 6 7 8 9 10 11 12 13 14 15
8811 8820 8 9 11 12 13 14 15
8821 8844 0 1 2 3 4 5 6 7 8 10 11 12 13 14 15
8845 8994 8 9 11 12 13 14 15
8995 8997 0 1 2 3 4 5 6 7 8 9 10 11 12 13 14 15
8998 9041 8 9 11 12 13 14 15
9042 9043 0 1 2 3 4 5 6 7 8 9 10 11 12 13 14 15
9044 9066 8 9 11 12 13 14 15
9067 9076 1 2 3 4 7 8 9 10 11 12 13 14 15
9077 9136 8 9 11 12 13 14 15
9137 9145 0 1 2 3 4 5 6 7 8 9 10 11 12 13 14 15
9146 9234 8 9 11 12 13 14 15
9235 9236 0 1 2 3 4 5 6 7 8 9 10 11 12 13 14 15
9237 9244 8 9 11 12 13 14 15
9245 9245 0 1 2 3 4 5 6 7 8 9 10 11 12 13 14 15
9246 9314 8 9 11 12 13 14 15
9315 9319 2 7 8 9 11 12 13 14 15
9320 9321 8 9 11 12 13 14 15
9322 9324 1 8 9 11 12 13 14 15
9325 9326 0 1 2 4 5 6 7 8 9 10 11 12 13 14 15
9327 9330 8 9 11 12 13 14 15
9331 9331 3 7 8 9 11 12 13 14 15
9332 9343 8 9 11 12 13 14 15
9344 9348 0 1 2 3 4 5 6 7 8 9 10 11 12 13
9349 9350 8 9 11 12 13 14 15
9351 9351 2 7 8 9 10 11 12 13 14 15
9352 9383 2 3 4 6 7 8 9 10 11 12 13 14 15
9384 9384 8 9 12 13 14 15
9385 9409 8 9 11 12 13 14 15
9410 9411 0 2 3 4 6 7 8 9 10 11 12 13 14 15
9412 9433 8 9 11 12 13 14 15
9434 9439 2 3 4 5 6 7 8 9 10 11 12 13 14 15
9440 9440 0 2 3 4 5 6 7 8 9 10 11 12 13 14 15
9441 9441 0 1 2 3 4 5 6 7 8 9 10 11 12 13 14 15
9442 9442 1 2 3 4 5 6 7 8 9 10 11 12 13 14 15
9443 9443 2 3 4 5 6 7 8 9 10 11 12 13 14 15
9444 9450 8 9 11 12 13 14 15
9451 9451 2 3 4 5 6 7 8 9 10 11 12 13 14 15
9452 9452 8 9 11 12 13 14 15
9453 9457 2 3 4 5 6 7 8 9 10 11 12 13 14 15
9458 9463 8 9 11 12 13 14 15
9464 9466 0 1 2 3 4 5 6 7 8 9 10 11 12 13 14 15
