# generated with run 7876
-0.31908 3.31444
-0.239634 2.38138
-0.260498 2.53772
-0.265067 2.52909
-0.264902 2.47974
-0.286989 2.63106
-0.304502 2.76348
-0.310096 2.79881
-0.321078 2.82365
-0.323284 2.79745
-0.332148 2.80328
-0.348493 2.89369
-0.395903 3.22885
-0.365273 2.91472
-0.376998 2.86799
0 0
-0.35435 3.54883
-0.378116 3.60053
-0.355504 3.34728
-0.355812 3.28955
-0.384232 3.4615
-0.369049 3.18843
-0.348929 2.94489
-0.370157 3.07923
-0.438331 3.5717
-0.406524 3.24672
-0.404487 3.14691
-0.369002 2.83935
-0.371663 2.7736
-0.379295 2.67152
-0.32808 2.24909
-0.289212 1.89405
-0.433591 4.80218
-0.182334 1.94928
-0.266085 2.8174
-0.317479 3.29171
-0.27998 2.87064
-0.28553 2.87695
-0.283727 2.83607
-0.293676 2.92806
-0.308696 3.04982
-0.321223 3.09536
-0.306674 2.91893
-0.338702 3.16812
-0.323874 3.01212
-0.334806 3.02148
-0.334903 2.95267
-0.328332 2.80587
-0.261747 2.82313
-0.230909 2.38481
-0.238667 2.39117
-0.233436 2.28934
-0.264139 2.55971
-0.237224 2.24402
-0.23301 2.17233
-0.266533 2.44225
-0.293406 2.62638
-0.242916 2.13268
-0.271512 2.32766
-0.261165 2.19045
-0.366525 2.9853
-0.367842 2.93203
-0.375732 2.89747
-0.377053 2.81311
-0.442421 4.69956
-0.365878 3.71261
-0.314391 3.12392
-0.352459 3.45722
-0.359475 3.44872
-0.333382 3.14571
-0.347712 3.2245
-0.372716 3.41157
-0.362357 3.21963
-0.345121 3.05743
-0.370163 3.19252
-0.349906 2.91093
-0.452887 3.72282
-0.441044 3.54711
-0.438558 3.40847
-0.465717 3.52102
-0.455738 4.6679
-0.357973 3.55546
-0.269838 2.61954
-0.309772 2.95441
-0.314933 2.94098
-0.308524 2.84815
-0.294779 2.65403
-0.304097 2.71603
-0.328154 2.86964
-0.311099 2.65458
-0.299099 2.47831
-0.319898 2.62413
-0.371499 2.98717
-0.357506 2.80037
-0.413304 3.14407
-0.394977 2.90597
-0.302713 3.28031
-0.283072 2.94691
-0.244882 2.51845
-0.261419 2.63939
-0.272343 2.67494
-0.273418 2.60288
-0.269576 2.5552
-0.264831 2.45692
-0.303536 2.78193
-0.313558 2.80113
-0.330684 2.89106
-0.295247 2.5096
-0.310791 2.56622
-0.40248 3.2727
-0.401032 3.18995
-0.40222 3.07998
-0.315633 3.42822
-0.219201 2.29092
-0.300492 3.01693
-0.217425 2.19022
-0.274046 2.6873
-0.24108 2.312
-0.264572 2.51793
-0.235074 2.20224
-0.2625 2.44484
-0.269232 2.45806
-0.270343 2.41779
-0.239228 2.09964
-0.267089 2.27411
-0.347963 2.89812
-0.322341 2.66275
-0.43259 3.37256
-0.368906 4.1381
-0.24503 2.65751
-0.285958 3.03464
-0.244585 2.55073
-0.351098 3.55934
-0.286407 2.85742
-0.28545 2.81144
-0.29902 2.88646
-0.268711 2.56856
-0.292677 2.73465
-0.297102 2.73389
-0.30617 2.77946
-0.313087 2.7691
-0.342081 2.92796
-0.306372 2.5373
-0.311511 2.49943
0 0
-0.510871 5.65779
-0.338119 3.62202
-0.348638 3.68095
-0.394563 4.09751
-0.321675 3.29924
-0.36073 3.65777
-0.369834 3.69699
-0.350833 3.48643
-0.352557 3.48327
-0.356363 3.45717
-0.321796 3.09332
-0.353701 3.357
-0.344512 3.19942
-0.348051 3.14132
-0.338848 2.93878
0 0
-0.283353 3.07925
-0.363787 3.80234
-0.336869 3.45577
-0.351085 3.47772
-0.345692 3.36435
-0.304145 2.93037
-0.324899 3.0893
-0.318489 3.01168
-0.329365 3.05217
-0.302696 2.74581
-0.355691 3.14537
-0.338424 2.95588
-0.274298 2.31277
-0.305468 2.52136
-0.406568 3.2574
0 0
0 0
-0.307617 3.34279
-0.147707 1.58031
-0.251373 2.61889
-0.216251 2.20575
-0.256739 2.59023
-0.229072 2.295
-0.226941 2.2195
-0.249868 2.41332
-0.260395 2.49037
-0.278871 2.62344
-0.283068 2.62163
-0.27205 2.45562
-0.320218 2.80593
-0.303682 2.55383
0 0
0 0
0 0
-0.545629 5.51488
-0.272877 2.70125
-0.276822 2.69915
-0.305618 2.93553
-0.264176 2.45284
-0.289356 2.66754
-0.27509 2.49939
-0.274587 2.46793
-0.311599 2.76619
-0.277592 2.39885
-0.309401 2.61905
-0.366942 3.05463
-0.412581 3.34387
0 0
0 0
0 0
0 0
-0.338637 3.71777
-0.308831 3.28562
-0.305425 3.13097
-0.359057 3.61481
-0.291679 2.86213
-0.281744 2.71187
-0.322576 3.04342
-0.244474 2.25994
-0.304926 2.74542
-0.33219 2.94681
-0.247554 2.12325
-0.307095 2.53693
0 0
0 0
0 0
0 0
0 0
-0.436077 4.88044
-0.146119 1.55742
-0.195934 2.0862
-0.134841 1.39583
-0.199227 1.98675
-0.173888 1.7167
-0.265583 2.58043
-0.234838 2.211
-0.243002 2.26625
-0.245564 2.20048
-0.311572 2.67813
0 0
0 0
0 0
0 0
0 0
0 0
0 0
-0.221061 2.35679
-0.20509 2.10495
-0.158767 1.58819
-0.243412 2.4162
-0.12391 1.21081
-0.147445 1.41199
0 0
0 0
0 0
-0.214855 1.88137
-0.235805 2.11912
-0.180648 1.66619
-0.259937 2.46192
-0.375955 3.58302
-0.201501 1.94487
-0.232978 2.30195
-0.233951 2.37741
-0.229578 2.36656
0 0
0 0
0 0
0 0
0 0
0 0
0 0
-0.273813 2.35883
-0.261045 2.3079
-0.2526 2.29223
-0.260868 2.39831
-0.185572 1.73225
-0.27605 2.61563
-0.286682 2.75457
-0.210334 2.06473
-0.200895 2.02334
-0.33072 3.37386
-0.361364 3.81803
0 0
0 0
0 0
0 0
0 0
-0.35561 2.45179
-0.361352 2.52406
-0.376716 2.72305
-0.387548 2.86964
-0.333066 2.48448
-0.34718 2.67349
-0.38352 3.0511
-0.311013 2.56256
-0.231232 1.94169
-0.263548 2.28748
-0.284208 2.52866
-0.397142 3.69288
0 0
0 0
0 0
0 0
-0.331469 2.80693
-0.338344 2.95241
-0.296721 2.63038
-0.288451 2.60534
-0.324483 2.97006
-0.245602 2.2855
-0.283543 2.6818
-0.246325 2.35757
-0.217176 2.10705
-0.230254 2.27181
-0.258789 2.58133
-0.307615 3.11667
-0.314741 3.29665
0 0
0 0
0 0
-0.434619 3.37585
-0.412933 3.30297
-0.316214 2.62913
-0.282876 2.32538
-0.325251 2.75336
-0.332917 2.89966
-0.288939 2.54727
-0.284891 2.5617
-0.267347 2.46788
-0.283479 2.66845
-0.247723 2.35476
-0.293809 2.82492
-0.310131 3.09217
-0.273749 2.81347
0 0
0 0
-0.39882 2.91269
-0.390861 2.99656
-0.408644 3.24179
-0.394787 3.22237
-0.367408 3.07575
-0.331863 2.83497
-0.356836 3.13754
-0.37955 3.40695
-0.369499 3.38397
-0.34039 3.19621
-0.332221 3.12373
-0.352886 3.38611
-0.352387 3.46193
-0.363129 3.69251
-0.225501 2.39592
0 0
-0.388573 2.75569
-0.400837 3.00934
-0.398571 3.07105
-0.368024 2.94464
-0.359566 2.93588
-0.345815 2.91531
-0.339361 2.97218
-0.355278 3.15268
-0.365862 3.31518
-0.341105 3.14296
-0.285757 2.69304
-0.335768 3.22806
-0.327854 3.23358
-0.370915 3.75141
-0.38165 3.99543
0 0
-0.411346 3.27963
-0.269983 2.23128
-0.323798 2.78922
-0.321017 2.8244
-0.270672 2.44237
-0.330008 3.0418
-0.298804 2.80398
-0.303134 2.9016
-0.323755 3.14711
-0.266542 2.6043
-0.319633 3.18365
-0.312517 3.14193
-0.338183 3.47032
-0.319856 3.31618
-0.357113 3.78708
-0.530993 5.83178
-0.454328 3.04445
-0.371993 2.6869
-0.400517 3.00698
-0.420243 3.25543
-0.39136 3.14643
-0.33026 2.74125
-0.301736 2.56247
-0.351233 3.09507
-0.30616 2.78025
-0.293093 2.6974
-0.300826 2.79916
-0.31762 3.03886
-0.292847 2.8693
-0.181977 1.82868
-0.193565 2.01223
-0.414972 4.45882
-0.403368 2.77542
-0.40531 2.96962
-0.448304 3.42655
-0.443357 3.50734
-0.438451 3.5828
-0.337043 2.87868
-0.337186 2.92802
-0.312669 2.78577
-0.307378 2.81319
-0.293543 2.73479
-0.279983 2.67309
-0.269673 2.62587
-0.261749 2.60778
-0.298032 3.04274
-0.326577 3.48856
-0.383386 4.18903
-0.378534 2.40074
-0.382678 2.54315
-0.376676 2.64249
-0.323695 2.32446
-0.370148 2.78615
-0.378913 2.93484
-0.367096 2.99689
-0.28089 2.33011
-0.258016 2.24019
-0.284524 2.53647
-0.252859 2.33531
-0.240163 2.25633
-0.262519 2.55074
-0.241151 2.38412
-0.280389 2.87426
-0.232931 2.54673
-0.413635 2.96195
-0.406506 3.04153
-0.400787 3.10749
-0.429009 3.46479
-0.32532 2.72296
-0.319159 2.79162
-0.300527 2.65681
-0.333643 3.04676
-0.301923 2.82618
-0.272107 2.58939
-0.27025 2.61639
-0.287987 2.82806
-0.25337 2.55092
-0.231699 2.41532
-0.25613 2.7319
-0.360825 3.9607
-0.371215 2.42043
-0.362127 2.53066
-0.396183 2.86616
-0.413706 3.11329
-0.430702 3.37421
-0.424183 3.47544
-0.346588 2.95825
-0.375876 3.30988
-0.368327 3.35416
-0.352415 3.25824
-0.354366 3.38698
-0.375053 3.63289
-0.36063 3.57385
-0.34053 3.44648
-0.306545 3.16088
-0.39004 4.14555
-0.364666 2.60469
-0.394383 2.99966
-0.409596 3.19907
-0.389235 3.12763
-0.349501 2.88981
-0.328623 2.762
-0.32691 2.84982
-0.35304 3.11842
-0.320663 2.89153
-0.309447 2.86504
-0.308634 2.86502
-0.287588 2.74896
-0.294713 2.84978
-0.301273 2.96141
-0.262148 2.62006
-0.286169 2.97456
-0.3149 2.37998
-0.328337 2.53742
-0.356964 2.84841
-0.327835 2.68839
-0.267418 2.30346
-0.264115 2.2687
-0.236379 2.11436
-0.206716 1.86879
-0.199834 1.84227
-0.203393 1.90113
-0.203415 1.91499
-0.194423 1.85854
-0.1536 1.52089
-0.17239 1.709
-0.178321 1.82012
-0.0219172 0.227893
0 0
-0.309703 2.4996
-0.326215 2.78849
-0.324487 2.87767
-0.311851 2.84731
-0.323955 3.04231
-0.306491 2.91635
-0.327957 3.18581
-0.33212 3.27226
-0.315005 3.15045
-0.305976 3.09356
-0.332592 3.41519
-0.324843 3.39559
-0.340896 3.6211
-0.326905 3.53573
-0.466105 5.22762
0 0
-0.276512 2.83921
-0.299773 3.00918
-0.314821 3.08733
-0.320814 3.08851
-0.316967 3.01763
-0.317078 2.96908
-0.320218 2.96115
-0.334111 3.05374
-0.335336 2.98688
-0.356783 3.11505
-0.344181 2.93175
-0.349437 2.88185
-0.36366 2.90053
-0.321377 2.39304
0 0
0 0
-0.277965 2.75777
-0.296067 2.865
-0.296334 2.8105
-0.292917 2.69206
-0.307937 2.76605
-0.319344 2.81565
-0.320893 2.79134
-0.343226 2.90413
-0.335439 2.78169
-0.399763 3.22689
-0.395618 3.07198
-0.365633 2.75848
-0.381304 2.73506
-0.312374 2.09844
-0.295195 1.94312
0 0
-0.212652 2.14182
-0.259592 2.56312
-0.287364 2.7721
-0.334007 3.12622
-0.278933 2.56396
-0.287323 2.59681
-0.341713 3.04222
-0.308736 2.67692
-0.328115 2.7589
-0.40303 3.30457
-0.413142 3.28972
-0.385716 2.94953
-0.362155 2.67504
-0.373033 2.61681
-0.320666 2.13254
0 0
-0.226519 2.33314
-0.262029 2.6465
-0.273246 2.72362
-0.316728 3.10935
-0.310221 3.00345
-0.313874 2.99154
-0.330822 3.10853
-0.316815 2.9309
-0.327218 2.99118
-0.336069 2.98679
-0.347019 2.98529
-0.349011 2.92881
-0.426259 3.42006
-0.409016 3.14971
-0.405712 3.00714
0 0
-0.246209 2.69856
-0.272807 2.93217
-0.27881 2.93058
-0.282814 2.91413
-0.277185 2.81907
-0.311717 3.13219
-0.293128 2.85842
-0.319684 3.06067
-0.322433 2.99512
-0.324647 2.96012
-0.33187 2.90112
-0.332438 2.84021
-0.352618 2.88468
-0.405493 3.16133
-0.398584 3.01337
-0.281772 3.18038
-0.337678 3.77056
-0.311741 3.42126
-0.294605 3.16253
-0.312576 3.30197
-0.303423 3.18726
-0.300768 3.08316
-0.335597 3.39645
-0.345453 3.45062
-0.358347 3.51534
-0.336002 3.2527
-0.341648 3.25177
-0.354079 3.2543
-0.345866 3.07379
-0.342126 2.94279
-0.356006 2.95028
-0.106893 1.14721
-0.245063 2.60111
-0.228443 2.37516
-0.291387 2.97852
-0.287116 2.89191
-0.26458 2.62168
-0.267722 2.61804
-0.262107 2.53519
-0.284054 2.70799
-0.301207 2.81895
-0.302582 2.7664
-0.31617 2.8134
-0.326519 2.82757
-0.335154 2.82192
-0.356488 2.97283
-0.450382 3.57617
-0.197349 2.16208
-0.108351 1.13705
-0.211118 2.17835
-0.276313 2.78627
-0.267289 2.67855
-0.261193 2.54798
-0.250942 2.40693
-0.302998 2.86015
-0.321293 2.99948
-0.300436 2.72655
-0.30456 2.70045
-0.311752 2.68028
-0.391453 3.22802
-0.331775 2.68597
-0.363062 2.82196
-0.372669 2.76485
-0.301831 3.25847
-0.460445 4.93959
-0.201386 2.09143
-0.29645 3.05968
-0.253924 2.5966
-0.294518 2.95798
-0.274819 2.76265
-0.282147 2.78188
-0.265008 2.56825
-0.283063 2.69881
-0.280639 2.61991
-0.313141 2.84825
-0.338516 3.03347
-0.314357 2.75196
-0.334504 2.83069
-0.41484 3.37955
0 0
-0.159677 1.77795
-0.27662 3.0428
-0.352586 3.76247
-0.36659 3.85684
-0.354007 3.69726
-0.393355 4.06091
-0.351869 3.57843
-0.324787 3.28624
-0.389786 3.90653
-0.37253 3.64491
-0.386628 3.74372
-0.338726 3.20247
-0.368414 3.42478
-0.352293 3.18731
-0.37072 3.22399
0 0
-0.532163 5.92364
-0.353824 3.84305
-0.254844 2.69522
-0.361228 3.78087
-0.287723 2.94065
-0.282601 2.85395
-0.287798 2.87031
-0.375981 3.71041
-0.356874 3.45336
-0.327123 3.09692
-0.39694 3.71663
-0.364415 3.31952
-0.374446 3.32859
-0.393118 3.38327
-0.477995 3.97969
0 0
0 0
-0.279579 3.08162
-0.196885 2.12947
-0.280527 2.94101
-0.184952 1.92703
-0.157097 1.61291
-0.348454 3.54136
-0.242906 2.42065
-0.299161 2.91932
-0.216896 2.07805
-0.310705 2.93892
-0.25588 2.37226
-0.254626 2.30858
-0.188515 1.66458
-0.364478 3.07828
0 0
0 0
0 0
-0.518225 5.61055
-0.312443 3.23662
-0.470501 4.80396
-0.137137 1.36157
-0.314118 3.08158
-0.438076 4.21184
-0.322598 3.06646
-0.359056 3.33518
-0.135862 1.22609
-0.198927 1.75474
-0.304278 2.66093
-0.355893 3.00908
-0.306331 2.44025
0 0
0 0
0 0
0 0
0 0
0 0
0 0
-0.11679 1.2328
-0.589403 6.05103
-0.0391745 0.401397
-0.335439 3.3636
-0.162144 1.60557
-0.12182 1.18691
-0.199682 1.92052
-0.297281 2.793
-0.277858 2.52477
0 0
0 0
0 0
0 0
0 0
-0.254515 2.94561
-0.380372 4.30051
-0.142689 1.57994
0 0
-0.353416 3.73445
-0.457553 4.80113
-0.261372 2.69322
-0.545171 5.4933
-0.372029 3.6975
-0.120155 1.17318
-0.270222 2.57187
0 0
0 0
0 0
0 0
0 0
0 0
0 0
0 0
0 0
-0.233817 2.41677
0 0
-1.32912 13.3107
0 0
0 0
0 0
0 0
0 0
0 0
0 0
0 0
0 0
-0.485575 4.68055
-0.51027 5.09709
0 0
0 0
0 0
0 0
0 0
0 0
0 0
0 0
0 0
-0.589198 5.02197
-0.307126 2.77167
0 0
0 0
-0.0285802 0.270048
-0.379966 3.59461
-0.0523633 0.501363
-0.104351 1.05355
0 0
-0.336109 3.58531
0 0
0 0
0 0
0 0
0 0
0 0
0 0
-0.317667 3.37602
0 0
-0.210869 2.31185
-0.236732 2.5759
-0.147557 1.62913
-0.0408991 0.451226
-0.21982 2.41263
-0.480232 5.45003
-0.129402 1.43293
-0.0141916 0.159017
0 0
0 0
0 0
0 0
0 0
-0.325942 2.77813
-0.189051 1.67993
-0.292389 2.66779
-0.229352 2.14835
-0.0977821 0.939722
-0.143901 1.38257
-0.299325 2.90547
-0.147998 1.45492
-0.388012 3.95211
-0.208176 2.12787
0 0
-0.479683 5.11985
-0.19784 2.19814
0 0
0 0
0 0
-0.40053 3.26886
-0.301957 2.58796
-0.283843 2.48869
-0.299164 2.70416
-0.292988 2.69834
-0.132898 1.23682
-0.274646 2.61466
-0.185497 1.78204
-0.273089 2.68235
-0.273572 2.73206
-0.258004 2.61574
-0.132939 1.37385
-0.299018 3.14419
-0.215518 2.39142
0 0
0 0
-0.345902 3.10211
-0.356319 3.24564
-0.361403 3.42759
-0.326409 3.13257
-0.311785 3.02723
-0.331128 3.25074
-0.25493 2.53695
-0.325162 3.2895
-0.478716 4.90379
-0.152155 1.57526
-0.231661 2.43963
-0.311652 3.3127
-0.321051 3.49668
-0.318451 3.53487
-0.335383 3.83954
0 0
-0.329615 2.71778
-0.266331 2.28002
-0.29459 2.58072
-0.301552 2.69755
-0.253548 2.30325
-0.300022 2.79378
-0.22654 2.12231
-0.221961 2.11677
-0.305641 2.93226
-0.289758 2.83372
-0.160676 1.58865
-0.21387 2.15089
-0.405686 4.14861
-0.336867 3.5101
-0.750789 8.04473
0 0
-0.417116 3.33149
-0.395409 3.27782
-0.330231 2.84412
-0.321315 2.81448
-0.324329 2.90061
-0.309059 2.83306
-0.340438 3.21119
-0.326864 3.1146
-0.321616 3.08892
-0.309704 3.00384
-0.392881 3.84982
-0.285146 2.85194
-0.392639 3.99323
-0.240816 2.54051
-0.29377 3.10567
-0.543335 5.99568
-0.431974 3.29004
-0.38368 3.05796
-0.326578 2.68391
-0.310214 2.56043
-0.318121 2.75728
-0.29926 2.60654
-0.304364 2.73813
-0.322249 2.92714
-0.285896 2.61563
-0.317597 2.96203
-0.366322 3.49019
-0.390332 3.76177
-0.278654 2.73392
-0.283716 2.84028
-0.759248 7.68897
-0.736949 8.06586
-0.372873 3.06868
-0.328469 2.80979
-0.2914 2.54103
-0.283552 2.52181
-0.275707 2.50866
-0.301366 2.77645
-0.296797 2.78277
-0.278453 2.61119
-0.257853 2.4751
-0.249855 2.43434
-0.22893 2.2588
-0.259427 2.58862
-0.219507 2.21148
-0.12048 1.23429
-0.262116 2.79095
-0.325147 3.52837
-0.359381 2.68507
-0.393438 3.0252
-0.400728 3.19472
-0.353908 2.8889
-0.300982 2.57155
-0.314546 2.67966
-0.284624 2.47779
-0.292387 2.61131
-0.288909 2.59301
-0.270663 2.47589
-0.294885 2.7448
-0.317303 2.99609
-0.26152 2.52792
-0.271519 2.68859
-0.160328 1.63409
-0.28422 3.01191
-0.408807 3.06268
-0.384845 3.04037
-0.366601 2.98924
-0.408127 3.35801
-0.340533 2.86573
-0.309597 2.67623
-0.331281 2.95701
-0.323515 2.90988
-0.349671 3.19747
-0.292483 2.71446
-0.310142 2.90874
-0.309281 2.95802
-0.244225 2.37549
-0.275441 2.75803
-0.250864 2.54853
-0.304826 3.27222
-0.225471 1.73273
-0.217527 1.77062
-0.24868 2.10915
-0.196747 1.90614
-0.229491 2.28393
-0.218886 2.23359
-0.227194 2.36019
-0.214626 2.26664
-0.212012 2.29559
-0.199977 2.21819
-0.193166 2.19232
-0.227213 2.62583
-0.219 2.6242
-0.12943 1.58416
-0.147852 1.85933
-0.237535 3.09163
-0.370349 2.77629
-0.403541 3.11787
-0.392142 3.12535
-0.369124 2.99752
-0.338086 2.77516
-0.336941 2.89609
-0.307268 2.63932
-0.311193 2.72464
-0.318981 2.87
-0.299287 2.70888
-0.307724 2.83447
-0.298922 2.76981
-0.310244 2.95961
-0.293499 2.84889
-0.32778 3.24048
-0.212472 2.18705
-0.245919 2.03034
-0.302452 2.57498
-0.316236 2.78532
-0.326039 2.94737
-0.318645 2.93834
-0.317236 2.98976
-0.326987 3.12654
-0.307967 2.98649
-0.295727 2.92235
-0.325701 3.2736
-0.305315 3.09046
-0.330356 3.38983
-0.36829 3.82855
-0.351237 3.71
-0.343201 3.69996
-0.444697 4.93282
0 0
-0.338264 2.57875
-0.359021 2.85638
-0.360639 2.9759
-0.338367 2.83621
-0.348694 2.99643
-0.354861 3.1153
-0.358497 3.21476
-0.35826 3.28216
-0.351649 3.25359
-0.366562 3.46942
-0.411388 3.92457
-0.394637 3.84746
-0.392575 3.91386
-0.368423 3.73892
-0.557367 5.92837
-0.332642 3.01307
-0.412783 3.89603
-0.312779 2.99128
-0.343244 3.35122
-0.356841 3.54637
-0.298493 3.0309
-0.352501 3.64066
-0.303632 3.18332
-0.472144 5.05421
0 0
0 0
0 0
0 0
0 0
0 0
0 0
-0.323727 3.05308
-0.243635 2.38191
-0.278347 2.78036
-0.280798 2.8527
-0.393204 4.05441
-0.306433 3.20633
-0.258416 2.76719
-0.290255 3.16843
-0.36602 4.04645
-0.446196 5.01933
-0.513331 5.97767
0 0
0 0
0 0
0 0
0 0
-0.252219 2.2837
-0.202522 1.8894
-0.256255 2.45447
-0.218262 2.12488
-0.269444 2.68478
-0.252914 2.54439
-0.249487 2.52996
-0.209229 2.15906
-0.234328 2.43836
-0.225589 2.40024
-0.24915 2.6719
-0.273804 3.00143
0 0
0 0
0 0
0 0
-0.331705 2.59713
-0.370285 3.04543
-0.3267 2.75964
-0.246434 2.1579
-0.202674 1.80449
-0.287251 2.58084
-0.260967 2.42432
-0.209166 1.97789
-0.177438 1.69771
-0.234687 2.32668
-0.279277 2.80052
-0.244186 2.5106
-0.329039 3.50518
0 0
0 0
0 0
-0.365745 2.68899
-0.348282 2.63844
-0.348589 2.73857
-0.379112 3.06652
-0.336212 2.79427
-0.314428 2.62646
-0.353421 3.05098
-0.378336 3.3251
-0.367927 3.31056
-0.346556 3.17837
-0.219373 2.06371
-0.316083 3.03559
-0.315198 3.18555
-0.353032 3.65926
0 0
0 0
-0.372085 2.92423
-0.335195 2.76152
-0.364794 3.07323
-0.325358 2.83514
-0.3262 2.94184
-0.299377 2.73918
-0.270667 2.52013
-0.261048 2.47243
-0.312225 3.00535
-0.251901 2.46904
-0.272867 2.70791
-0.275526 2.80642
-0.263632 2.73523
-0.230956 2.49674
-0.233764 2.62805
0 0
-0.438193 3.41912
-0.420153 3.40084
-0.361747 3.01207
-0.345098 2.97126
-0.329709 2.9636
-0.335209 3.08983
-0.327485 3.055
-0.323209 3.08472
-0.337617 3.28411
-0.30142 3.01439
-0.280035 2.82701
-0.329599 3.40466
-0.294454 3.09943
-0.28431 3.05926
-0.376287 4.22215
0 0
-0.360747 2.57459
-0.383753 2.89127
-0.409971 3.17757
-0.369143 2.99621
-0.435648 3.59865
-0.320105 2.70095
-0.360046 3.10587
-0.299974 2.69393
-0.3002 2.75804
-0.295128 2.7569
-0.29974 2.79963
-0.312336 3.01248
-0.292273 2.8739
-0.335221 3.43244
-0.326554 3.43559
-0.375157 4.13185
-0.382031 2.42834
-0.362063 2.46361
-0.356824 2.535
-0.330365 2.4204
-0.35361 2.6748
-0.323889 2.57459
-0.380743 3.0729
-0.388952 3.21417
-0.27364 2.29791
-0.2944 2.54922
-0.276132 2.45021
-0.237891 2.1362
-0.286216 2.66056
-0.354671 3.37649
-0.387688 3.8138
-0.320802 3.33747
-0.357391 2.48845
-0.359347 2.6249
-0.369021 2.80661
-0.354206 2.75401
-0.347922 2.77902
-0.310659 2.56623
-0.288502 2.40568
-0.27353 2.34981
-0.306146 2.68956
-0.253078 2.27157
-0.288913 2.61035
-0.314817 2.94262
-0.276822 2.68012
-0.327803 3.26811
-0.277419 2.8418
-0.357143 3.85329
-0.319972 2.21502
-0.353449 2.56937
-0.349502 2.64855
-0.340221 2.65171
-0.310565 2.51654
-0.268452 2.24845
-0.285892 2.50651
-0.2948 2.61482
-0.280299 2.56014
-0.273691 2.53734
-0.299299 2.81419
-0.300491 2.90885
-0.329651 3.3142
-0.260421 2.65986
-0.318022 3.34377
-0.384088 4.21173
-0.274826 1.6685
-0.284485 2.07064
-0.244241 1.83703
-0.260818 2.02063
-0.266179 2.16328
-0.196693 1.68311
-0.21154 1.87502
-0.172439 1.57201
-0.141317 1.32615
-0.177608 1.71151
-0.136244 1.36041
-0.154452 1.57574
-0.134393 1.44126
-0.169517 1.90472
-0.119773 1.4154
-0.144085 1.73716
-0.40411 3.31748
-0.290222 2.49475
-0.286648 2.53129
-0.283808 2.57727
-0.264221 2.45773
-0.267187 2.53214
-0.26807 2.57066
-0.267635 2.60251
-0.260767 2.57258
-0.252659 2.526
-0.239166 2.43291
-0.244204 2.49484
-0.273668 2.86578
-0.244536 2.60607
-0.160146 1.7326
-0.265643 2.9714
-0.404251 2.90858
-0.391795 2.93198
-0.389723 3.01495
-0.351825 2.83373
-0.394497 3.22669
-0.315068 2.61958
-0.331426 2.8556
-0.297833 2.60446
-0.315483 2.79207
-0.323752 2.93022
-0.285242 2.61419
-0.327263 3.121
-0.308504 2.97785
-0.313874 3.08222
-0.297781 2.98456
-0.530232 5.468
-0.313288 2.2496
-0.328336 2.41679
-0.309941 2.41285
-0.339079 2.72319
-0.344582 2.83704
-0.316888 2.67668
-0.299936 2.61591
-0.281405 2.48432
-0.269896 2.49377
-0.254576 2.36204
-0.257315 2.43273
-0.233996 2.26826
-0.229066 2.28548
-0.217142 2.2197
-0.247587 2.60685
-0.074659 0.802128
0 0
-0.100154 1.57082
-0.124044 2.01075
-0.167601 2.80113
-0.188815 3.21035
-0.150807 2.58782
-0.192212 3.3506
-0.183208 3.2375
-0.191208 3.42099
-0.189755 3.42398
-0.183964 3.35321
-0.174484 3.22573
-0.147483 2.76476
-0.160115 3.03916
-0.176829 3.394
0 0
-0.284415 3.0261
-0.307283 3.17431
-0.262439 2.64472
-0.286811 2.83639
-0.305353 2.95674
-0.292845 2.78161
-0.296414 2.77358
-0.274064 2.5196
-0.291829 2.62754
-0.2773 2.44243
-0.290977 2.51478
-0.280617 2.36699
-0.302294 2.4742
-0.29992 2.35852
-0.257675 1.90779
0 0
-0.305281 3.28185
-0.277985 2.89288
-0.285079 2.90325
-0.298023 2.97175
-0.292261 2.86108
-0.293061 2.81247
-0.321659 3.04582
-0.308002 2.86064
-0.318842 2.92227
-0.320759 2.87107
-0.300248 2.62597
-0.319219 2.72214
-0.325705 2.72046
-0.322519 2.5958
-0.28147 2.15921
-0.306599 2.34358
-0.440063 4.59446
-0.286945 2.90048
-0.406144 3.97609
-0.395596 3.80882
-0.363801 3.39049
-0.347845 3.1888
-0.377741 3.3933
-0.334952 2.94823
-0.354669 3.09364
-0.339244 2.86698
-0.371771 3.05724
-0.366899 2.98793
-0.373932 2.95858
-0.374144 2.84981
-0.367174 2.68414
-0.388147 2.62875
-0.281963 3.11332
-0.270887 2.87364
-0.300035 3.13237
-0.266126 2.71539
-0.33984 3.37892
-0.289811 2.82137
-0.296811 2.8469
-0.279929 2.6327
-0.30259 2.79248
-0.292592 2.63949
-0.299489 2.64089
-0.285664 2.45333
-0.36508 3.01911
-0.345832 2.75198
-0.326275 2.53036
-0.3371 2.38082
-0.439952 4.53066
-0.426571 4.20815
-0.318098 3.08232
-0.31507 2.92471
-0.345607 3.15507
-0.323905 2.8664
-0.317737 2.78125
-0.335358 2.86638
-0.366191 3.03116
-0.396723 3.21186
-0.412581 3.22292
-0.35072 2.72075
-0.378732 2.82864
-0.380121 2.74035
-0.337191 2.33415
-0.305905 2.00288
-0.384522 4.20457
-0.413645 4.34453
-0.343061 3.49655
-0.315082 3.14439
-0.333311 3.25045
-0.316813 3.03751
-0.332079 3.14757
-0.301276 2.78899
-0.343996 3.15069
-0.34394 3.06682
-0.33785 2.96828
-0.355036 3.00736
-0.378044 3.11187
-0.352995 2.8262
-0.357934 2.76731
-0.392223 2.85221
-0.368373 4.19358
-0.265773 2.9646
-0.266032 2.90752
-0.246829 2.64595
-0.274023 2.89498
-0.260483 2.66178
-0.252492 2.56943
-0.273409 2.74569
-0.274546 2.70143
-0.275928 2.66989
-0.325011 3.0656
-0.301177 2.7938
-0.32732 2.93278
-0.363257 3.17992
-0.324274 2.72002
-0.391389 3.14771
-0.531918 6.00686
-0.38171 4.19841
-0.30181 3.2268
-0.318529 3.36108
-0.323556 3.33849
-0.31093 3.15095
-0.37808 3.75505
-0.298483 2.9432
-0.330612 3.19905
-0.358823 3.41674
-0.351417 3.28894
-0.353546 3.22797
-0.353868 3.15599
-0.354138 3.0381
-0.34655 2.88214
-0.39813 3.18054
-0.2244 2.58632
-0.107119 1.19883
-0.144735 1.56691
-0.246198 2.56998
-0.145642 1.52838
-0.129357 1.30212
-0.215868 2.15217
-0.239989 2.3546
-0.23318 2.23658
-0.229239 2.1701
-0.208391 1.94559
-0.261298 2.38862
-0.246394 2.16968
-0.265179 2.26895
-0.313848 2.56055
-0.380688 2.97338
0 0
-0.412107 4.37226
-0.232441 2.41425
-0.198127 2.00945
-0.222075 2.18249
-0.237787 2.30501
-0.244021 2.31776
-0.271946 2.56187
-0.275973 2.5408
-0.281005 2.57109
-0.268124 2.38839
-0.292563 2.57039
-0.327818 2.81417
-0.315264 2.5999
-0.406982 3.2985
-0.347642 2.71982
0 0
-0.0999214 1.12935
-0.359613 3.95436
-0.246657 2.65429
-0.250097 2.60114
-0.245496 2.51901
-0.24768 2.54382
-0.255326 2.56599
-0.292573 2.91058
-0.276222 2.72455
-0.274202 2.6525
-0.304346 2.89821
-0.314874 2.9264
-0.335772 3.06868
-0.345772 3.04226
-0.347209 2.90829
0 0
0 0
-0.255558 2.68955
-0.302592 2.95184
-0.194903 1.86437
-0.25151 2.35722
-0.240588 2.16671
-0.210314 1.85451
-0.234699 2.03786
-0.254234 2.18073
-0.337426 2.85327
-0.371741 3.05909
-0.38273 3.0868
-0.377403 2.94189
-0.376614 2.89041
-0.359657 2.64109
0 0
0 0
0 0
-0.310035 3.47229
-0.217115 2.39266
-0.158766 1.71018
-0.200201 2.14396
-0.20245 2.12284
-0.209089 2.14084
-0.213295 2.16282
-0.243136 2.46245
-0.234504 2.27737
-0.295491 2.83495
-0.288133 2.69087
-0.294094 2.65527
-0.310183 2.6646
0 0
0 0
0 0
0 0
-0.24352 2.69244
-0.201761 2.20792
-0.280257 3.04066
-0.242532 2.5685
-0.229873 2.40339
-0.274428 2.80755
-0.275995 2.79821
-0.319507 3.17641
-0.293313 2.87694
-0.315017 3.00234
-0.318085 2.97257
-0.276235 2.50603
0 0
0 0
0 0
0 0
0 0
-0.360643 3.88467
-0.361321 3.72328
-0.214328 2.15461
-0.283267 2.82889
-0.281513 2.72283
-0.267763 2.50851
-0.291283 2.67164
-0.347751 3.13093
-0.335627 2.92079
-0.369474 3.04271
-0.354798 2.88913
0 0
0 0
0 0
0 0
0 0
0 0
0 0
-0.209628 2.22084
-0.119798 1.22162
-0.127097 1.28796
-0.171191 1.69299
-0.156987 1.50776
-0.168537 1.57169
-0.180777 1.66995
-0.144844 1.28569
-0.418917 3.64154
0 0
0 0
0 0
0 0
0 0
-0.065014 0.691007
-0.613713 6.48702
-0.282893 3.05424
-0.632374 7.06898
0 0
0 0
0 0
0 0
0 0
0 0
0 0
-0.312558 2.89111
-0.308151 2.99709
-0.286984 2.84213
-0.27471 2.8021
-0.244163 2.53154
-0.142101 1.49736
-0.35256 3.78289
0 0
-0.690096 7.61339
-0.103384 1.1406
-0.840983 9.19445
0 0
0 0
0 0
0 0
0 0
-0.308374 2.99123
-0.317518 3.16033
-0.30125 3.05912
-0.288652 2.98567
-0.285253 3.01248
-0.259761 2.78426
-0.252965 2.76493
-0.227177 2.49877
-0.275185 3.07206
-0.190527 2.16764
-0.247071 2.81189
-0.116667 1.36443
0 0
0 0
0 0
0 0
-0.311797 2.62803
-0.273651 2.39857
-0.290956 2.61594
-0.274615 2.51907
-0.25307 2.3729
-0.258889 2.45632
-0.239508 2.37479
-0.179945 1.79903
-0.189313 1.89706
-0.17152 1.76849
-0.199786 2.07334
0 0
-0.155505 1.68696
0 0
0 0
0 0
-0.314697 2.61644
-0.322217 2.77424
-0.304305 2.69341
-0.281533 2.55227
-0.283384 2.61796
-0.300636 2.84502
-0.28849 2.76925
-0.305924 3.00241
-0.304537 3.03538
-0.287314 2.87965
-0.239072 2.43486
-0.267167 2.7563
-0.296806 3.15738
-1.04469 11.5004
0 0
0 0
-0.321836 2.99602
-0.31046 2.98444
-0.30723 3.00512
-0.279282 2.79703
-0.288501 2.94537
-0.282296 2.91771
-0.24857 2.63566
-0.263544 2.8167
-0.263657 2.88479
-0.241046 2.65369
-0.207677 2.32815
-0.235054 2.66029
-0.393451 4.53686
-0.290732 3.39466
-0.0443465 0.78256
0 0
-0.35113 2.78929
-0.315794 2.61256
-0.300715 2.49776
-0.296503 2.52968
-0.276658 2.43053
-0.244822 2.17953
-0.287309 2.60723
-0.236095 2.21997
-0.216143 2.0453
-0.215371 2.05957
-0.22105 2.17498
-0.216812 2.19243
-0.0674258 0.683884
0 0
0 0
0 0
-0.376727 2.74269
-0.314946 2.40567
-0.361652 2.79286
-0.323969 2.57845
-0.352842 2.87869
-0.288797 2.45087
-0.23058 1.9717
-0.23575 2.06692
-0.227934 2.0352
-0.218748 1.99947
-0.175801 1.61351
-0.198665 1.8868
-0.225766 2.19176
-0.57676 5.7174
-0.363222 3.75264
-0.402125 4.42195
-0.367375 2.77491
-0.363724 2.88632
-0.334644 2.73971
-0.290593 2.4047
-0.262501 2.31735
-0.249912 2.22775
-0.259491 2.39016
-0.273317 2.55838
-0.231459 2.23938
-0.248409 2.42889
-0.240364 2.38592
-0.277918 2.80582
-0.110805 1.17672
-0.23902 2.61622
-0.378029 4.27589
-0.629731 7.30247
-0.333203 2.61745
-0.376905 3.07496
-0.310771 2.58827
-0.312165 2.6941
-0.306968 2.75942
-0.307793 2.83698
-0.291312 2.73986
-0.304517 2.93159
-0.29314 2.91483
-0.259028 2.59688
-0.281411 2.87029
-0.349416 3.67185
-0.168528 1.80115
-0.170884 1.85151
-0.309832 3.46842
-0.93652 10.8664
-0.435899 3.26144
-0.445659 3.46751
-0.4332 3.51948
-0.329992 2.81017
-0.31291 2.731
-0.329842 2.96738
-0.308391 2.82092
-0.318554 2.97915
-0.299916 2.84368
-0.239118 2.29918
-0.286421 2.78367
-0.259904 2.60105
-0.381672 3.93765
-0.194998 2.03255
0 0
0 0
-0.331765 2.21147
-0.402595 2.73279
-0.397235 2.81891
-0.37018 2.72209
-0.391546 2.99726
-0.405745 3.18103
-0.37622 3.03153
-0.346813 2.90916
-0.356523 3.00257
-0.348701 3.01742
-0.337265 3.00118
-0.365135 3.30946
-0.326852 3.04608
-0.278597 2.69898
-0.0615163 0.613893
-0.572725 5.85639
-0.380162 2.68221
-0.400286 2.92216
-0.399305 2.99829
-0.412661 3.16715
-0.422028 3.35726
-0.409528 3.33893
-0.317968 2.66255
-0.293183 2.5391
-0.277874 2.44558
-0.2999 2.70131
-0.291562 2.69467
-0.327265 3.07178
-0.270466 2.61233
-0.568617 5.64087
-0.309108 3.14442
-0.582201 6.03368
-0.359062 2.76182
-0.340337 2.73055
-0.340179 2.8313
-0.329877 2.78366
-0.339394 2.9544
-0.331632 2.94981
-0.334435 3.02642
-0.324545 2.99384
-0.309986 2.91119
-0.337033 3.24812
-0.299363 2.90884
-0.366105 3.60565
-0.287468 2.89179
-0.260458 2.72215
0 0
-0.430663 4.64388
-0.208032 1.29847
-0.304275 2.07474
-0.34185 2.42418
-0.340157 2.59995
-0.330223 2.58574
-0.339597 2.72694
-0.331103 2.7059
-0.327231 2.77107
-0.319152 2.77367
-0.313766 2.75155
-0.299005 2.66806
-0.29693 2.74323
-0.359138 3.41516
-0.314334 3.06335
-1.37544 13.8481
0 0
0 0
-0.247495 2.39355
-0.260218 2.59093
-0.24941 2.53635
-0.235976 2.45481
-0.217223 2.29287
-0.208481 2.22936
-0.185026 2.00391
-0.184362 2.02721
-0.221693 2.46935
-0.148484 1.67036
-0.22276 2.5194
-0.190078 2.17949
-0.295161 3.38665
-0.163565 1.90493
-0.241171 2.78099
0 0
-0.334661 3.354
-0.310883 3.06586
-0.383771 3.69314
-0.281132 2.61413
-0.280348 2.56109
-0.251175 2.27017
-0.337293 2.98646
-0.345742 2.98266
-0.339224 2.86791
-0.351609 2.9564
-0.349507 2.84199
-0.354641 2.80116
-0.369677 2.80955
-0.398857 2.92395
0 0
0 0
-0.457204 4.81688
-0.0979929 1.00154
-0.25008 2.49438
-0.247497 2.44083
-0.266028 2.54778
-0.281605 2.69081
-0.269911 2.53197
-0.252948 2.30693
-0.29209 2.6565
-0.279149 2.45546
-0.297232 2.54401
-0.280915 2.33065
-0.315237 2.57543
-0.314536 2.4728
-0.293597 2.24052
0 0
-0.0228939 0.243927
-0.165539 1.74009
-0.317323 3.23055
-0.31935 3.20879
-0.303243 2.97542
-0.328522 3.19791
-0.322485 3.08771
-0.316347 2.96292
-0.295906 2.71913
-0.303881 2.71661
-0.30456 2.66226
-0.312965 2.66461
-0.317578 2.64235
-0.35051 2.82754
-0.346817 2.71959
0 0
-0.141099 1.57002
-0.161951 1.79638
-0.113938 1.23427
-0.176358 1.8893
-0.172928 1.80975
-0.224015 2.31985
-0.199665 2.04363
-0.218224 2.22283
-0.209787 2.0895
-0.236754 2.3305
-0.235629 2.2713
-0.245343 2.3216
-0.251915 2.34269
-0.252403 2.28667
-0.286332 2.52104
0 0
-0.410947 4.36787
-0.369987 3.84189
-0.298106 3.01127
-0.359402 3.53346
-0.293913 2.82681
-0.283418 2.68356
-0.293109 2.72113
-0.277711 2.54198
-0.300853 2.70598
-0.332574 2.87684
-0.327207 2.79603
-0.322974 2.69032
-0.334783 2.74055
-0.364564 2.84939
-0.346933 2.63262
0 0
-0.175883 1.68557
-0.119643 1.12684
-0.113163 1.04231
-0.358561 3.24298
-0.291689 2.60741
-0.354471 3.13538
-0.304713 2.66638
-0.278949 2.41647
-0.302395 2.57742
-0.322434 2.68838
-0.305688 2.51402
-0.313988 2.53742
-0.303868 2.41991
-0.336433 2.61125
-0.329722 2.49655
0 0
-1.02492 11.1132
-0.457294 4.76128
-0.273633 2.81073
-0.291509 2.92075
-0.332789 3.25497
-0.311022 2.99955
-0.278151 2.61456
-0.321596 2.98702
-0.281889 2.54796
-0.305329 2.69806
-0.325516 2.82617
-0.331285 2.82622
-0.367922 3.00901
-0.35516 2.82419
-0.362379 2.74062
-10.677 115.671
-0.199942 2.09012
-0.565914 5.76975
-0.274003 2.72598
-0.325473 3.1362
-0.23785 2.21885
-0.339434 3.13544
-0.255977 2.3071
-0.311051 2.75319
-0.297666 2.5437
-0.315785 2.66896
-0.324209 2.67025
-0.333393 2.64068
-0.345231 2.64588
-0.345834 2.56805
-0.339055 2.41827
0 0
-0.536142 6.04667
-0.261758 2.924
-0.10064 1.10376
-0.329265 3.53648
-0.313619 3.31568
-0.355873 3.71473
-0.300546 3.08439
-0.362612 3.6808
-0.360421 3.58395
-0.343376 3.34938
-0.396165 3.74591
-0.344393 3.21032
-0.358205 3.28094
-0.372949 3.28205
-0.38885 3.24057
0 0
-0.621771 6.9857
-0.548245 5.90507
-0.192092 2.03
-0.394642 4.0774
-0.418108 4.23506
-0.301103 3.03769
-0.270904 2.64849
-0.37614 3.64618
-0.264913 2.5125
-0.316218 2.97373
-0.327141 2.97239
-0.352677 3.1114
-0.346743 2.9887
-0.35228 2.91429
-0.381857 3.07474
0 0
0 0
-0.311976 3.36547
-0.436833 4.60951
-0.130742 1.35319
-0.324656 3.34822
-0.406048 4.07483
-0.282974 2.79443
-0.365827 3.55216
-0.324036 3.1034
-0.322145 3.03042
-0.344175 3.15366
-0.356259 3.20108
-0.330092 2.87924
-0.327321 2.76498
-0.377252 3.08968
0 0
0 0
-0.632103 6.65218
-0.111173 1.08142
-0.371068 3.55615
-0.0867683 0.81545
-0.119658 1.0892
-0.248554 2.20501
-0.242826 2.124
-0.276122 2.32231
-0.340153 2.79505
-0.36984 3.01537
-0.418603 3.35418
-0.395726 3.07024
-0.36819 2.7832
-0.421117 3.08465
0 0
0 0
0 0
0 0
-0.248691 2.51241
-0.251823 2.48724
-0.235101 2.29639
-0.234183 2.1956
-0.0531253 0.498373
-0.266255 2.48236
-0.354003 3.11869
-0.273071 2.39016
-0.303669 2.59611
-0.397981 3.35491
-0.429264 3.50295
-0.426366 3.39246
0 0
0 0
0 0
0 0
0 0
0 0
-0.188689 1.92833
-0.533993 5.37149
-0.244723 2.45024
-0.591281 5.79895
-0.171969 1.65397
-0.220544 2.09331
-0.135791 1.25518
-0.23908 2.16295
-0.157894 1.39449
-0.26281 2.2456
0 0
0 0
0 0
0 0
0 0
0 0
-0.523115 5.35521
-0.178934 1.83771
-0.322982 3.29551
-1.54646 15.5295
-0.392945 3.84381
-0.224267 2.18169
-0.0426355 0.399868
-0.329723 3.02311
-0.333556 2.98168
-0.328702 2.85146
0 0
0 0
0 0
0 0
0 0
0 0
0 0
0 0
0 0
-0.242456 2.46953
-0.301601 3.04657
-0.572743 5.56262
-0.32716 3.18851
-0.37226 3.56537
-0.0953972 0.892513
-0.244009 2.19163
