#generated with run 9177
0 0
-0.352877 3.31669
-0.373177 3.43419
-0.350843 3.13611
-0.326639 2.838
-0.34803 2.96821
-0.35008 2.92261
-0.337602 2.78446
-0.369848 3.02906
-0.375999 3.01616
-0.385603 3.00718
-0.397675 3.01098
-0.41504 3.06148
-0.310708 2.18256
-0.187731 1.22054
0 0
0 0
-0.336818 3.02182
-0.366545 3.24881
-0.422015 3.60142
-0.438317 3.60286
-0.454179 3.638
-0.396896 3.08085
-0.373828 2.86383
-0.385347 2.84732
-0.400105 2.86885
-0.352701 2.45018
-0.318805 2.11375
-0.314993 1.94772
-0.327291 2.09482
-0.277206 1.75299
-0.19754 1.24613
0 0
-0.320099 3.26715
-0.296129 2.96062
-0.321403 3.14997
-0.325522 3.11994
-0.307729 2.91614
-0.331054 3.1092
-0.366437 3.35453
-0.330878 2.9911
-0.335849 2.99772
-0.327858 2.85397
-0.347639 2.95068
-0.341766 2.82533
-0.366742 3.00268
-0.35871 2.88755
-0.357789 2.74548
0 0
-0.249253 2.3931
-0.350401 3.26415
-0.311886 2.82138
-0.260287 2.27981
-0.302305 2.61727
-0.278107 2.27037
-0.397231 3.24418
-0.401125 3.21138
-0.365561 2.83553
-0.380093 2.9014
-0.406416 3.02393
-0.377925 2.74837
-0.35559 2.49665
-0.348251 2.35889
-0.362412 2.34909
0 0
-0.379468 3.54743
-0.337944 3.09427
-0.400194 3.56504
-0.37741 3.25688
-0.35424 3.00498
-0.33624 2.80611
-0.402481 3.26484
-0.393391 3.12429
-0.449732 3.44956
-0.399035 3.0157
-0.425203 3.10562
-0.409809 2.91278
-0.391074 2.71433
-0.374392 2.48296
-0.393507 2.46831
0 0
-0.257491 2.35868
-0.416256 3.73275
-0.340746 2.99185
-0.315553 2.66572
-0.319823 2.66538
-0.437073 3.55051
-0.436824 3.46679
-0.352366 2.74835
-0.403152 3.06909
-0.370018 2.75287
-0.409388 2.98025
-0.405392 2.88507
-0.419719 2.8931
-0.40054 2.66613
-0.401076 2.55134
0 0
0 0
-0.299349 2.87834
-0.357228 3.33288
-0.327502 2.97681
-0.339226 3.01475
-0.331798 2.90295
-0.305726 2.62091
-0.308834 2.52904
-0.39035 3.17852
-0.351543 2.79181
-0.375096 2.89333
-0.347218 2.61645
-0.346812 2.51707
-0.381101 2.53945
-0.348087 2.36746
0 0
0 0
-0.249255 2.33624
-0.334129 3.04107
-0.31011 2.76239
-0.324596 2.78408
-0.289627 2.46025
-0.371243 3.06301
-0.318029 2.61032
-0.400167 3.18494
-0.367969 2.84155
-0.341344 2.59344
-0.361761 2.66396
-0.430633 3.08511
-0.360663 2.47169
-0.38125 2.51814
0 0
0 0
-0.188859 1.84521
-0.307945 2.94278
-0.342294 3.19592
-0.321397 2.93123
-0.310886 2.78183
-0.295303 2.56865
-0.30531 2.61132
-0.31231 2.58967
-0.354679 2.84711
-0.3205 2.47475
-0.318517 2.39948
-0.316429 2.2909
-0.346649 2.4277
-0.332441 2.19811
0 0
0 0
0 0
-0.348943 3.49088
-0.409938 4.0357
-0.289935 2.78855
-0.326182 3.12613
-0.374031 3.51975
-0.358749 3.32463
-0.35983 3.28633
-0.320379 2.85518
-0.363585 3.19031
-0.319386 2.74826
-0.339742 2.80889
-0.358461 2.94726
-0.432667 3.36791
0 0
0 0
0 0
-0.363379 3.45064
-0.424579 3.92033
-0.337352 3.02781
-0.362244 3.20959
-0.321329 2.79878
-0.330216 2.80329
-0.35016 2.8918
-0.351957 2.88334
-0.383195 3.02082
-0.362386 2.7861
-0.356538 2.67254
-0.346753 2.52807
-0.347781 2.36606
0 0
0 0
0 0
0 0
-0.321216 3.16834
-0.286522 2.79683
-0.285275 2.71976
-0.245126 2.30585
-0.276376 2.58001
-0.218733 1.98725
-0.290385 2.59094
-0.2534 2.19967
-0.296076 2.54518
-0.312017 2.59311
-0.374745 3.01667
-0.339898 2.66836
0 0
0 0
0 0
0 0
0 0
-0.24547 2.213
-0.267443 2.38365
-0.277966 2.41979
-0.222763 1.92092
-0.308999 2.60777
-0.353073 2.91706
-0.424728 3.45106
-0.410079 3.27859
-0.343588 2.6913
-0.38215 2.93175
-0.384973 2.84443
0 0
0 0
0 0
0 0
0 0
0 0
0 0
-0.340165 3.27778
-0.3577 3.36619
-0.308727 2.80537
-0.292968 2.56351
-0.300591 2.56055
-0.297377 2.4751
-0.257478 2.12168
-0.271841 2.16961
-0.273398 2.03882
0 0
0 0
0 0
0 0
0 0
0 0
0 0
0 0
0 0
0 0
-0.273892 2.50887
-0.275723 2.48546
-0.312765 2.76119
-0.282563 2.4242
-0.272964 2.32275
-0.345406 2.74993
0 0
0 0
0 0
0 0
0 0
0 0
0 0
0 0
0 0
0 0
0 0
0 0
0 0
0 0
0 0
0 0
0 0
0 0
0 0
0 0
0 0
0 0
0 0
0 0
0 0
0 0
0 0
0 0
0 0
0 0
0 0
0 0
-0.368936 3.02235
-0.285343 2.41284
-0.298391 2.55647
-0.289974 2.56676
-0.269724 2.41033
-0.213183 1.92561
0 0
0 0
0 0
0 0
0 0
0 0
0 0
0 0
0 0
0 0
-0.269259 1.69303
-0.38882 2.63404
-0.35138 2.39082
-0.339994 2.3693
-0.396682 2.77164
-0.389537 2.79729
-0.34139 2.51814
-0.486124 3.73485
-0.334736 2.68325
0 0
0 0
0 0
0 0
0 0
0 0
0 0
-0.373685 2.95738
-0.461803 3.74382
-0.356206 2.92763
-0.291244 2.48489
-0.346706 2.99572
-0.333759 2.91692
-0.265984 2.37663
-0.283116 2.57451
-0.318252 2.93662
-0.29491 2.76544
-0.28343 2.66297
0 0
0 0
0 0
0 0
0 0
-0.383744 2.65309
-0.379255 2.68561
-0.415202 3.05566
-0.394135 2.94309
-0.365456 2.77932
-0.364752 2.86827
-0.358383 2.86592
-0.357417 2.92634
-0.327165 2.75232
-0.313295 2.68325
-0.292049 2.53188
-0.321535 2.86963
0 0
0 0
0 0
0 0
-0.292209 1.81608
-0.322312 2.11724
-0.387864 2.73435
-0.40398 2.90746
-0.400812 3.0471
-0.430064 3.35669
-0.428733 3.48362
-0.366651 3.01072
-0.399464 3.42308
-0.388615 3.40573
-0.417859 3.73358
-0.443668 4.05645
-0.361103 3.37144
0 0
0 0
0 0
-0.402707 2.48284
-0.39146 2.50487
-0.369806 2.43277
-0.363012 2.51734
-0.346146 2.47588
-0.370505 2.77826
-0.402218 3.08164
-0.398889 3.19111
-0.391106 3.20612
-0.34947 2.92362
-0.356262 3.05747
-0.347341 3.05293
-0.349236 3.18806
0 0
0 0
0 0
-0.346986 2.47827
-0.421267 3.12477
-0.3625 2.81536
-0.39794 3.11024
-0.339491 2.79075
-0.324979 2.68664
-0.31936 2.75229
-0.288556 2.53671
-0.308797 2.78272
-0.333997 3.06788
-0.324749 3.02096
-0.347062 3.30796
-0.348131 3.38502
-0.341011 3.3654
0 0
0 0
-0.426683 2.63299
-0.454393 2.77889
-0.373476 2.41889
-0.422075 2.85212
-0.416663 2.96024
-0.430772 3.18175
-0.411573 3.15795
-0.408497 3.23991
-0.436551 3.56754
-0.318505 2.63421
-0.325003 2.76192
-0.333227 2.93765
-0.358718 3.26803
-0.266902 2.48359
0 0
0 0
-0.451174 2.76813
-0.398312 2.43051
-0.364221 2.38874
-0.38633 2.63668
-0.438031 3.16943
-0.423247 3.1737
-0.453298 3.51553
-0.456442 3.66593
-0.393223 3.24029
-0.366136 3.09471
-0.32388 2.79611
-0.344235 3.07382
-0.324393 2.98847
-0.319102 3.01391
0 0
0 0
-0.376296 2.2547
-0.3779 2.26399
-0.306308 1.8268
-0.324376 1.95745
-0.355999 2.26246
-0.364048 2.41241
-0.393119 2.75218
-0.397448 2.90764
-0.387487 2.9305
-0.386385 2.99054
-0.310462 2.53777
-0.306194 2.57702
-0.307488 2.67874
-0.325419 2.93448
-0.31744 2.96228
0 0
-0.286507 1.79071
-0.274345 1.71216
-0.331513 2.21524
-0.40473 2.81094
-0.400383 2.93387
-0.403302 3.0622
-0.421176 3.33577
-0.451775 3.67182
-0.335093 2.73947
-0.324383 2.77763
-0.321499 2.8412
-0.327745 2.94444
-0.323831 2.98542
-0.302582 2.8851
-0.293102 2.87453
0 0
-0.361376 2.14973
-0.337211 2.11641
-0.348558 2.22383
-0.360768 2.26926
-0.363163 2.41551
-0.402102 2.84903
-0.429165 3.17203
-0.416998 3.20896
-0.375411 3.0303
-0.408036 3.36358
-0.359068 3.0658
-0.369223 3.27743
-0.40293 3.67113
-0.379622 3.58366
-0.33315 3.21247
0 0
-0.240607 1.54434
-0.354351 2.46125
-0.346535 2.52763
-0.338866 2.57502
-0.399994 3.11336
-0.371653 3.00365
-0.35929 2.96771
-0.362936 3.05347
-0.366352 3.15904
-0.366168 3.23874
-0.363874 3.27265
-0.382183 3.48519
-0.352599 3.29941
-0.388077 3.71678
-0.334658 3.2708
0 0
-0.388803 2.53174
-0.278362 1.84623
-0.33828 2.4129
-0.372853 2.7366
-0.351393 2.66563
-0.336518 2.63327
-0.334108 2.68864
-0.283118 2.33736
-0.267737 2.20696
-0.265885 2.26351
-0.253172 2.18488
-0.25608 2.26146
-0.22597 2.04702
-0.226724 2.08346
-0.178876 1.67646
0 0
0 0
-0.381599 2.41264
-0.287295 2.03018
-0.322779 2.44096
-0.306002 2.37896
-0.3222 2.59984
-0.318544 2.65634
-0.314536 2.6464
-0.333955 2.87813
-0.322697 2.84763
-0.344354 3.08949
-0.344086 3.18004
-0.36627 3.48564
-0.342754 3.32281
-0.357672 3.56905
0 0
0 0
-0.332029 3.26096
-0.410012 3.95523
-0.373801 3.53541
-0.404856 3.72091
-0.377138 3.40543
-0.363406 3.21418
-0.369406 3.22524
-0.377785 3.2316
-0.357709 2.98434
-0.350206 2.86198
-0.350418 2.7961
-0.308255 2.35647
-0.351252 2.55029
-0.398136 2.63951
0 0
0 0
-0.304869 2.79488
-0.362099 3.21744
-0.34137 2.94701
-0.369195 3.05904
-0.428871 3.48925
-0.380391 3.03622
-0.363501 2.84631
-0.404447 3.07722
-0.404846 2.97698
-0.348 2.4665
-0.31746 2.13924
-0.311312 1.93319
-0.304344 1.79773
-0.301814 1.70504
0 0
0 0
-0.229452 2.19972
-0.314348 2.94361
-0.305444 2.77901
-0.310791 2.74405
-0.318819 2.7446
-0.326267 2.72949
-0.333791 2.7572
-0.372552 2.98384
-0.347956 2.74258
-0.374008 2.84785
-0.360212 2.56496
-0.340485 2.36097
-0.274624 1.79323
-0.311905 1.91077
-0.294691 1.86624
0 0
-0.289985 2.81188
-0.328254 3.13955
-0.336811 3.13989
-0.342758 3.12031
-0.326103 2.90498
-0.330589 2.88582
-0.33634 2.87904
-0.345903 2.88519
-0.441108 3.5952
-0.424252 3.36154
-0.411552 3.13918
-0.419668 3.0827
-0.390773 2.75827
-0.399688 2.68516
-0.374876 2.42243
0 0
-0.229985 2.34488
-0.330068 3.32509
-0.336527 3.30624
-0.317871 3.03085
-0.339015 3.15051
-0.342955 3.12875
-0.344562 3.07902
-0.325941 2.81579
-0.349298 2.9371
-0.370688 2.99189
-0.375449 2.90685
-0.409837 3.05527
-0.36736 2.61754
-0.31473 2.11186
-0.299055 1.87492
0 0
-0.224522 2.28852
-0.343913 3.45877
-0.392717 3.83941
-0.388058 3.71897
-0.330935 3.10288
-0.347126 3.19795
-0.345294 3.14237
-0.341727 3.03051
-0.3234 2.8016
-0.319487 2.674
-0.381753 3.07728
-0.378194 2.95905
-0.387618 2.88235
-0.376601 2.68054
-0.423384 2.86296
0 0
0 0
-0.293593 2.87729
-0.302487 2.88255
-0.329727 3.06998
-0.311848 2.84663
-0.352625 3.1657
-0.341627 3.02455
-0.330894 2.83378
-0.344378 2.89765
-0.410819 3.38123
-0.449258 3.61922
-0.46986 3.64655
-0.450535 3.39243
-0.445517 3.25679
-0.452639 3.14524
0 0
0 0
-0.302511 2.89603
-0.31043 2.89544
-0.322907 2.91003
-0.327315 2.88232
-0.313618 2.75455
-0.324836 2.79457
-0.391779 3.21657
-0.400162 3.20073
-0.41203 3.15814
-0.411542 3.05126
-0.3931 2.80321
-0.372955 2.56378
-0.377648 2.45682
-0.409382 2.53193
0 0
0 0
-0.205804 2.02863
-0.299673 2.9406
-0.282641 2.7075
-0.287653 2.72213
-0.310395 2.88139
-0.308015 2.84353
-0.322381 2.9129
-0.336917 2.9544
-0.33846 2.92001
-0.360775 2.98409
-0.41727 3.40067
-0.366312 2.91994
-0.390044 3.01076
-0.364644 2.68441
0 0
0 0
0 0
-0.357198 3.69056
-0.371139 3.7862
-0.392432 3.96262
-0.37717 3.76835
-0.38893 3.84427
-0.400503 3.91026
-0.3857 3.72206
-0.377125 3.52597
-0.396311 3.6566
-0.388638 3.5162
-0.397829 3.50269
-0.373131 3.18426
-0.43301 3.55356
0 0
0 0
0 0
-0.214757 2.15013
-0.322998 3.19236
-0.334428 3.26255
-0.388217 3.72073
-0.381763 3.63495
-0.398365 3.72173
-0.394243 3.57593
-0.376151 3.3566
-0.391582 3.39215
-0.39 3.26327
-0.407247 3.30395
-0.413199 3.28175
-0.411565 3.07514
0 0
0 0
0 0
0 0
-0.259271 2.51343
-0.191216 1.82832
-0.311878 2.91426
-0.270688 2.47648
-0.169339 1.51297
-0.242599 2.11753
-0.219001 1.83898
-0.442294 3.67016
-0.401368 3.21866
-0.41089 3.20491
-0.349442 2.69086
-0.398006 2.93279
0 0
0 0
0 0
0 0
0 0
-0.144452 1.31721
-0.39265 3.50264
-0.40639 3.54779
-0.273778 2.28823
-0.218292 1.80621
-0.398967 3.1766
-0.310701 2.43015
-0.358489 2.67161
-0.246382 1.85745
-0.152473 1.04629
-0.198394 1.31045
0 0
0 0
0 0
0 0
0 0
0 0
0 0
0 0
-0.151695 1.51715
-0.1217 1.19443
0 0
-0.0996508 0.93685
-0.361152 3.32339
-0.243102 2.254
-0.109812 0.976063
-0.348642 2.93495
0 0
0 0
0 0
0 0
0 0
0 0
0 0
0 0
0 0
0 0
0 0
-0.451352 4.35045
0 0
0 0
0 0
0 0
0 0
0 0
0 0
0 0
0 0
0 0
0 0
0 0
0 0
0 0
0 0
0 0
0 0
0 0
0 0
0 0
0 0
0 0
0 0
0 0
0 0
0 0
0 0
0 0
0 0
0 0
0 0
0 0
0 0
0 0
0 0
0 0
0 0
0 0
0 0
0 0
-0.0284868 0.25312
0 0
0 0
0 0
0 0
0 0
0 0
0 0
0 0
0 0
0 0
0 0
-0.214591 2.10071
-0.313417 3.16186
-0.361122 3.74254
-0.0641015 0.665823
-0.212608 2.21609
-0.219715 2.29017
-0.704929 7.2954
-0.667021 7.04353
0 0
0 0
0 0
0 0
0 0
0 0
0 0
0 0
-0.31169 2.51624
-0.274422 2.32667
-0.293601 2.483
-0.254982 2.21724
-0.143432 1.26067
-0.294664 2.69892
0 0
-0.157574 1.49029
0 0
-0.3399 3.31001
-0.30646 3.08029
0 0
0 0
0 0
0 0
0 0
-0.456117 3.29525
-0.294065 2.20465
-0.409226 3.1461
-0.329666 2.60805
-0.32758 2.67965
-0.186581 1.53945
-0.326941 2.76682
-0.225654 1.97682
-0.339968 3.02676
-0.16418 1.47165
-0.288482 2.68974
-0.0993298 0.936422
0 0
0 0
0 0
0 0
-0.424713 3.35813
-0.424101 3.46125
-0.388152 3.25857
-0.366193 3.15335
-0.316454 2.78822
-0.323851 2.92417
-0.341415 3.14195
-0.324552 3.03571
-0.289612 2.74462
-0.437363 4.2356
-0.302476 2.98299
-0.477261 4.74492
0 0
0 0
0 0
0 0
-0.361685 2.65759
-0.395504 3.04493
-0.346379 2.73208
-0.343374 2.8018
-0.319916 2.65892
-0.341065 2.86809
-0.305708 2.58895
-0.32214 2.81123
-0.301284 2.66887
-0.305395 2.79025
-0.277817 2.55188
-0.277838 2.62904
-0.217057 2.06907
0 0
0 0
0 0
-0.372436 2.52624
-0.362407 2.59498
-0.368729 2.73381
-0.41221 3.1252
-0.374289 2.98364
-0.384007 3.09063
-0.370883 3.0703
-0.297575 2.51177
-0.346503 3.00364
-0.322669 2.85734
-0.321594 2.90259
-0.392051 3.59436
-0.262323 2.47834
-0.399188 3.84131
0 0
0 0
-0.378876 2.45717
-0.367286 2.52874
-0.384932 2.73462
-0.378607 2.79163
-0.395441 2.98969
-0.370298 2.86139
-0.37801 3.0134
-0.398964 3.24536
-0.302207 2.51319
-0.351463 2.98954
-0.298442 2.58011
-0.342295 3.02612
-0.388851 3.51236
-0.360217 3.34496
0 0
0 0
-0.389199 2.80334
-0.373968 2.80858
-0.402472 3.1097
-0.392718 3.1184
-0.396077 3.2109
-0.334799 2.81871
-0.336697 2.88488
-0.362089 3.11458
-0.349151 3.04564
-0.310289 2.76238
-0.390032 3.51643
-0.305304 2.81439
-0.30959 2.8947
-0.29465 2.85495
0 0
0 0
-0.390333 2.44011
-0.393291 2.5841
-0.370526 2.53722
-0.371923 2.6509
-0.356969 2.58017
-0.383954 2.86668
-0.378851 2.89353
-0.321757 2.56799
-0.317794 2.58029
-0.341926 2.79298
-0.29991 2.46665
-0.335048 2.86363
-0.309837 2.72098
-0.424306 3.88536
-0.292272 2.67169
0 0
-0.362747 2.36014
-0.386011 2.64657
-0.397978 2.82766
-0.351023 2.58737
-0.404389 3.05197
-0.441625 3.42952
-0.409693 3.2804
-0.371911 3.07402
-0.344842 2.86033
-0.348717 2.9615
-0.324493 2.80169
-0.403868 3.54928
-0.34774 3.15637
-0.312039 2.92241
-0.28486 2.72017
0 0
-0.21193 1.3045
-0.245588 1.61073
-0.229406 1.55821
-0.215979 1.52295
-0.206079 1.52973
-0.229902 1.74288
-0.240319 1.92433
-0.210748 1.73599
-0.193764 1.80727
-0.165839 1.59458
-0.166944 1.64908
-0.201179 2.0428
-0.154715 1.64074
-0.173397 1.90409
-0.216183 2.47358
0 0
-0.302642 1.89775
-0.310948 1.91403
-0.324352 2.1867
-0.380594 2.53383
-0.423744 3.03805
-0.366388 2.70462
-0.414201 3.14595
-0.363669 2.83331
-0.37168 2.92954
-0.375269 3.05958
-0.370291 3.05658
-0.345347 2.90089
-0.320846 2.78763
-0.352056 3.13776
-0.34449 3.16591
0 0
0 0
-0.302899 2.21971
-0.332439 2.51031
-0.334384 2.63068
-0.330119 2.68277
-0.336576 2.75921
-0.299384 2.5226
-0.336469 2.90192
-0.334151 2.95935
-0.343054 3.08601
-0.318462 2.91758
-0.346598 3.26387
-0.358621 3.46254
-0.352471 3.45196
-0.392919 3.9602
0 0
0 0
0 0
-0.18584 1.22674
-0.352451 2.50223
-0.3743 2.74364
-0.354385 2.70859
-0.390448 3.03197
-0.375818 3.02882
-0.364832 3.00829
-0.377817 3.1229
-0.359977 3.06875
-0.407434 3.55393
-0.397727 3.58021
-0.400515 3.69614
-0.399823 3.83353
0 0
0 0
0 0
0 0
0 0
0 0
0 0
0 0
0 0
0 0
0 0
0 0
0 0
0 0
0 0
0 0
0 0
-0.339571 2.96887
-0.350966 3.23685
-0.336527 3.16691
-0.401643 3.91808
-0.356046 3.51715
-0.422947 4.2365
0 0
0 0
0 0
0 0
0 0
0 0
0 0
0 0
0 0
0 0
-0.424064 3.52168
-0.274782 2.38324
-0.295932 2.6199
-0.245133 2.24866
-0.236961 2.22019
-0.264877 2.54476
-0.25796 2.53409
-0.30298 3.00418
-0.254613 2.54756
0 0
0 0
0 0
0 0
0 0
0 0
0 0
-0.369572 2.68516
-0.440303 3.34118
-0.367701 2.85102
-0.383218 3.0568
-0.339453 2.79815
-0.280672 2.36179
-0.289259 2.47628
-0.272216 2.39459
-0.295473 2.65379
-0.218218 1.99856
-0.31431 2.94765
0 0
0 0
0 0
0 0
0 0
-0.337193 2.21021
-0.539634 3.66416
-0.206096 1.4453
-0.395589 2.8504
-0.382359 2.81838
-0.364659 2.7774
-0.365 2.83271
-0.400638 3.18918
-0.41828 3.39364
-0.324699 2.7132
-0.300761 2.58286
-0.310163 2.75137
0 0
0 0
0 0
0 0
-0.326406 2.16532
-0.414328 2.96941
-0.464369 3.53484
-0.351961 2.73655
-0.34836 2.80645
-0.37853 3.09066
-0.340768 2.91424
-0.379748 3.28942
-0.325599 2.897
-0.274525 2.48001
-0.298486 2.77159
-0.355749 3.41369
-0.304573 2.95917
0 0
0 0
0 0
-0.452253 2.95837
-0.398015 2.82709
-0.39609 2.95707
-0.3935 3.04918
-0.382442 3.06735
-0.347518 2.88932
-0.33511 2.8944
-0.337369 2.95753
-0.345308 3.12023
-0.355737 3.28167
-0.319537 2.99874
-0.363025 3.52183
-0.338933 3.34462
0 0
0 0
0 0
-0.391686 2.34067
-0.344711 2.18744
-0.369014 2.4557
-0.347837 2.42491
-0.314839 2.2753
-0.348526 2.59218
-0.352172 2.72919
-0.375484 2.92616
-0.420852 3.40702
-0.34132 2.81363
-0.334678 2.80505
-0.379176 3.33157
-0.38763 3.52811
-0.315205 2.96185
0 0
0 0
-0.392058 2.31163
-0.378656 2.18066
-0.376865 2.25615
-0.355855 2.21132
-0.426394 2.67201
-0.405954 2.63865
-0.394862 2.74688
-0.344596 2.48221
-0.351085 2.62916
-0.377937 2.85779
-0.397471 3.06469
-0.379301 3.04461
-0.319376 2.70962
-0.319525 2.74781
0 0
0 0
-0.365408 2.16432
-0.368278 2.24078
-0.383884 2.37579
-0.32615 2.09374
-0.302557 2.01923
-0.358802 2.52084
-0.357071 2.58931
-0.340525 2.57729
-0.327981 2.48026
-0.363613 2.85281
-0.30922 2.55392
-0.33071 2.74673
-0.282077 2.43055
-0.300869 2.70367
0 0
0 0
-0.227592 1.38459
-0.328979 1.97724
-0.328139 2.128
-0.263872 1.72881
-0.286898 1.9778
-0.307551 2.20137
-0.321685 2.38809
-0.287352 2.19811
-0.334509 2.6551
-0.302699 2.47983
-0.292473 2.48146
-0.328 2.85973
-0.340775 3.07948
-0.361416 3.40167
-0.379965 3.60756
0 0
-0.206394 1.23977
-0.250411 1.55292
-0.248983 1.61426
-0.223484 1.52742
-0.236509 1.69238
-0.216064 1.59785
-0.242492 1.84623
-0.219144 1.7031
-0.230017 1.88014
-0.201272 1.70565
-0.208636 1.81656
-0.207166 1.88828
-0.150314 1.45332
-0.134432 1.34342
-0.147219 1.54958
0 0
-0.383716 2.76162
-0.403591 2.99386
-0.393776 3.00529
-0.359181 2.85818
-0.323075 2.6493
-0.35219 2.9172
-0.296747 2.49898
-0.270953 2.37614
-0.308674 2.75529
-0.318424 2.92985
-0.285762 2.65006
-0.32966 3.14276
-0.303264 2.94721
-0.279377 2.81008
-0.223745 2.28623
0 0
-0.272876 1.62543
-0.267176 1.64303
-0.349581 2.31513
-0.33168 2.327
-0.377461 2.77168
-0.333932 2.51996
-0.36085 2.79567
-0.400416 3.17441
-0.412217 3.34978
-0.340764 2.83095
-0.307928 2.5953
-0.343872 3.03905
-0.325966 2.92821
-0.382561 3.54593
-0.543818 5.19556
0 0
-0.259192 1.51084
-0.282169 1.66403
-0.274177 1.64395
-0.33364 2.20588
-0.292925 2.0471
-0.376843 2.75746
-0.354842 2.66294
-0.370144 2.86548
-0.335034 2.68971
-0.423638 3.44449
-0.4106 3.43778
-0.319628 2.77579
-0.28158 2.48068
-0.379401 3.4686
-0.278025 2.61824
0 0
0 0
-0.168254 1.87364
-0.102668 1.23458
-0.0770941 0.971604
-0.148593 2.18835
-0.15389 2.3217
-0.139855 2.14226
-0.141379 2.21838
-0.151042 2.42497
-0.189625 3.11626
-0.198744 3.31344
-0.169498 2.87767
-0.228018 3.97069
-0.185275 3.29857
-0.189188 3.44122
0 0
0 0
-0.277579 2.75158
-0.374957 3.60557
-0.347693 3.27859
-0.36496 3.33944
-0.320526 2.88256
-0.324142 2.82538
-0.342627 2.93526
-0.329004 2.73518
-0.342797 2.77308
-0.330071 2.60967
-0.306242 2.3614
-0.338192 2.53342
-0.311826 2.22221
-0.497036 3.42863
0 0
0 0
-0.384488 3.7214
-0.298069 2.80384
-0.303119 2.76983
-0.28705 2.55327
-0.30366 2.62097
-0.327063 2.73305
-0.282374 2.33107
-0.295413 2.39452
-0.33394 2.65007
-0.340565 2.61418
-0.341199 2.53202
-0.355898 2.48957
-0.333624 2.17837
-0.185454 1.13093
-0.372584 2.37281
0 0
-0.500711 4.78126
-0.379118 3.51417
-0.369084 3.32686
-0.365217 3.15177
-0.358071 2.98711
-0.350887 2.86757
-0.38605 3.11859
-0.406637 3.17428
-0.332893 2.54703
-0.361279 2.68198
-0.397848 2.85402
-0.375795 2.62894
-0.288208 1.91972
-0.254222 1.60657
-0.270531 1.70035
0 0
-0.314813 3.08062
-0.339769 3.24027
-0.327463 3.04743
-0.326019 2.92902
-0.354758 3.08739
-0.311739 2.63105
-0.417178 3.42184
-0.404505 3.24621
-0.414587 3.25293
-0.329533 2.51968
-0.353102 2.61966
-0.386112 2.739
-0.337135 2.27941
-0.328671 2.07832
-0.261525 1.63635
0 0
-0.26963 2.45293
-0.37108 3.27019
-0.364855 3.06926
-0.328703 2.67103
-0.376701 2.95709
-0.374914 2.85175
-0.388291 2.88837
-0.372413 2.67334
-0.363101 2.55736
-0.325725 2.25022
-0.322422 2.0771
-0.31142 1.97673
-0.296536 1.89082
-0.305796 1.95752
-0.277621 1.77211
0 0
-0.28215 2.75817
-0.37962 3.63293
-0.321687 2.98281
-0.368839 3.36485
-0.378509 3.35175
-0.341152 2.94004
-0.356496 3.02038
-0.351008 2.88655
-0.384856 3.095
-0.359311 2.81544
-0.356564 2.71488
-0.38121 2.78327
-0.359312 2.51596
-0.362576 2.42049
-0.353639 2.40503
0 0
0 0
-0.298164 2.98779
-0.323981 3.1872
-0.322406 3.07999
-0.271281 2.483
-0.325638 2.92927
-0.388629 3.40862
-0.325345 2.80942
-0.326096 2.77674
-0.364677 2.97726
-0.414285 3.30844
-0.436167 3.35196
-0.385577 2.8699
-0.369349 2.63272
-0.337286 2.2889
0 0
0 0
-0.312379 3.1479
-0.40993 4.05287
-0.410226 3.97534
-0.312484 2.93087
-0.341322 3.16848
-0.364918 3.30122
-0.333692 2.95009
-0.350493 3.00465
-0.365918 3.08336
-0.389217 3.18001
-0.416216 3.29986
-0.388692 2.96224
-0.376548 2.7461
-0.335578 2.27404
0 0
0 0
-0.210259 2.18292
-0.268479 2.71217
-0.167542 1.67089
-0.212785 2.07113
-0.220261 2.09413
-0.232091 2.18034
-0.248284 2.28939
-0.251235 2.26813
-0.291111 2.55802
-0.260697 2.23028
-0.285738 2.40326
-0.36412 2.93708
-0.349813 2.69437
-0.348018 2.54059
0 0
0 0
0 0
-0.299371 2.7294
-0.324458 2.86895
-0.31616 2.7326
-0.32806 2.75427
-0.40291 3.29695
-0.320696 2.57541
-0.31515 2.47469
-0.338648 2.58079
-0.3415 2.48504
-0.355103 2.52165
-0.351648 2.39432
-0.357594 2.31682
-0.333494 2.04562
0 0
0 0
0 0
-0.333278 3.35632
-0.436425 4.33962
-0.334156 3.30627
-0.359395 3.46302
-0.33505 3.18757
-0.362518 3.38841
-0.38705 3.55363
-0.394513 3.57256
-0.355949 3.16204
-0.346833 2.9842
-0.361322 3.03108
-0.350692 2.82018
-0.343583 2.62377
0 0
0 0
0 0
0 0
-0.309802 2.61687
-0.356153 2.92655
-0.386492 3.14954
-0.325465 2.59249
-0.364858 2.85404
-0.358014 2.72952
-0.325185 2.44802
-0.350838 2.5401
-0.416028 2.96143
-0.357962 2.44349
-0.344874 2.24141
-0.311755 1.90693
0 0
0 0
0 0
0 0
0 0
-0.198105 2.01509
-0.233179 2.35646
-0.247259 2.42169
-0.268871 2.58494
-0.260278 2.458
-0.248574 2.29689
-0.279852 2.52218
-0.305373 2.66865
-0.295504 2.51324
-0.413018 3.40766
-0.402554 3.19424
0 0
0 0
0 0
0 0
0 0
0 0
0 0
-0.285235 2.95546
-0.2657 2.73277
-0.251677 2.5407
-0.275666 2.72802
-0.275256 2.65908
-0.287149 2.71987
-0.294796 2.71975
-0.335254 3.03468
-0.277362 2.38895
0 0
0 0
0 0
0 0
0 0
0 0
0 0
0 0
0 0
0 0
-0.307065 2.66236
-0.299003 2.52955
-0.320877 2.62839
-0.362703 2.83458
-0.372832 2.86419
-0.333665 2.43329
0 0
0 0
0 0
0 0
0 0
0 0
0 0
0 0
0 0
0 0
0 0
0 0
0 0
0 0
0 0
0 0
0 0
0 0
0 0
0 0
0 0
0 0
0 0
0 0
0 0
0 0
0 0
0 0
0 0
0 0
0 0
0 0
-0.341063 3.01618
-0.347321 3.16407
-0.352008 3.32762
-0.294412 2.83929
-0.320377 3.15428
-0.354067 3.55451
0 0
0 0
0 0
0 0
0 0
0 0
0 0
0 0
0 0
0 0
-0.281298 2.53348
-0.314255 2.91615
-0.32801 3.13314
-0.309334 3.0274
-0.302429 3.01354
-0.329367 3.34961
-0.294092 3.06428
-0.309026 3.25109
-0.19983 2.10931
0 0
0 0
0 0
0 0
0 0
0 0
0 0
-0.38225 2.96309
-0.389398 3.13452
-0.317363 2.64124
-0.336562 2.87189
-0.328781 2.87627
-0.29574 2.63387
-0.275465 2.53796
-0.259994 2.45343
-0.270102 2.58315
-0.213991 2.07249
-0.39679 3.91109
0 0
0 0
0 0
0 0
0 0
-0.342129 2.71142
-0.37953 3.09764
-0.308108 2.598
-0.301088 2.60448
-0.3065 2.72193
-0.31921 2.90709
-0.281837 2.60869
-0.30974 2.93939
-0.256816 2.47177
-0.298491 2.92746
-0.259813 2.58016
-0.323822 3.27244
0 0
0 0
0 0
0 0
-0.298359 2.38761
-0.302952 2.49771
-0.323158 2.82314
-0.314149 2.80964
-0.316902 2.90991
-0.314293 2.94018
-0.340687 3.26053
-0.297177 2.90727
-0.303448 3.03065
-0.31351 3.17438
-0.288803 3.00089
-0.414956 4.38063
-0.0608555 0.655521
0 0
0 0
0 0
-0.346794 2.28925
-0.335884 2.31549
-0.356096 2.49949
-0.3538 2.63557
-0.356247 2.71548
-0.334338 2.61584
-0.366438 2.93565
-0.35907 2.95083
-0.306566 2.51584
-0.26871 2.30634
-0.29462 2.58915
-0.296691 2.6497
-0.147314 1.36877
0 0
0 0
0 0
-0.385599 2.57449
-0.413175 2.65903
-0.385757 2.53128
-0.36982 2.46999
-0.352616 2.49117
-0.332816 2.37618
-0.376536 2.78879
-0.373044 2.82981
-0.37234 2.88847
-0.373519 2.92167
-0.36962 3.0103
-0.244011 2.06262
-0.192628 1.71466
0 0
0 0
0 0
-0.355986 2.35447
-0.348595 2.24334
-0.358253 2.46172
-0.362523 2.57282
-0.373524 2.72921
-0.380462 2.87773
-0.369029 2.87968
-0.375929 3.03204
-0.368836 3.02163
-0.310409 2.66445
-0.323037 2.8213
-0.283716 2.57417
-0.412039 3.86422
-0.608805 5.95039
0 0
0 0
-0.30345 2.01931
-0.341205 2.41785
-0.323373 2.38738
-0.335252 2.57303
-0.330522 2.62125
-0.363345 2.97689
-0.318458 2.65013
-0.319547 2.79283
-0.315555 2.85081
-0.320062 2.96541
-0.312634 2.96038
-0.32468 3.11843
-0.441146 4.3749
-0.364558 3.75794
0 0
0 0
-0.383109 2.49899
-0.356825 2.42312
-0.389769 2.77689
-0.414579 3.07167
-0.429557 3.28385
-0.427613 3.39992
-0.435335 3.55675
-0.355226 2.93872
-0.3504 3.02345
-0.339013 2.9942
-0.367162 3.29208
-0.413414 3.81805
-0.33687 3.21351
-0.167256 1.64204
0 0
0 0
-0.239543 1.4782
-0.261835 1.70546
-0.297309 1.97097
-0.309848 2.07948
-0.262241 1.66466
-0.314116 2.06868
-0.344898 2.26946
-0.353075 2.57982
-0.398106 3.00994
-0.34237 2.61917
-0.293093 2.33633
-0.388299 3.22031
-0.301573 2.59649
-0.198012 1.78169
-0.369016 3.42325
0 0
-0.289591 1.8468
-0.281469 1.7457
-0.312947 1.94064
-0.333252 2.1942
-0.307882 2.12411
-0.390638 2.80647
-0.393197 2.9139
-0.404538 3.07976
-0.338475 2.67049
-0.391382 3.13603
-0.382655 3.12889
-0.285007 2.40113
-0.327004 2.8737
-0.233281 2.14444
0 0
0 0
-0.133086 0.83362
-0.301649 1.87721
-0.262946 1.73559
-0.26026 1.72364
-0.332127 2.15219
-0.363054 2.59372
-0.362795 2.74588
-0.32445 2.51365
-0.354652 2.77916
-0.354763 2.9059
-0.364964 3.07067
-0.353323 3.03083
-0.263034 2.32238
-0.330623 2.96363
0 0
0 0
-0.289511 0.675385
-0.381439 2.34398
-0.28552 1.88184
-0.28441 1.79131
-0.274516 1.696
-0.261167 1.64412
-0.277892 1.9525
-0.33733 2.34433
-0.33202 2.47399
-0.275062 2.13239
-0.317001 2.54465
-0.35392 2.91748
-0.356354 3.05063
-0.529067 4.76311
0 0
0 0
0 0
0 0
-0.337274 2.96907
-0.315963 2.85462
-0.31866 2.94793
-0.305282 2.87806
-0.342827 3.32362
-0.320408 3.12985
-0.347172 3.43821
-0.342125 3.44757
-0.320749 3.26349
-0.359549 3.72041
-0.304654 3.20555
-0.331573 3.52062
0 0
0 0
0 0
0 0
-0.312409 2.86423
-0.348711 3.12581
-0.328864 2.8658
-0.331321 2.81614
-0.343363 2.8754
-0.338993 2.76748
-0.367107 2.90932
-0.353225 2.72431
-0.369768 2.77578
-0.336109 2.44426
-0.333736 2.32613
-0.239611 1.55973
0 0
0 0
0 0
0 0
-0.572947 5.24474
-0.380613 3.3381
-0.3639 3.12652
-0.322743 2.75818
-0.312896 2.60777
-0.352587 2.84471
-0.323288 2.54872
-0.326249 2.54228
-0.317778 2.39437
-0.36211 2.64784
-0.330061 2.27128
-0.263387 1.74399
-0.257479 1.59214
0 0
0 0
0 0
-0.560474 5.39316
-0.38172 3.56437
-0.342057 3.10156
-0.321196 2.85018
-0.348956 3.04277
-0.363232 3.06291
-0.397781 3.26065
-0.343425 2.76168
-0.339393 2.66609
-0.401947 3.0477
-0.335054 2.44768
-0.337466 2.39533
-0.273041 1.8441
-0.252619 1.62677
0 0
0 0
-0.347626 3.60362
-0.261793 2.64913
-0.26801 2.64646
-0.248955 2.41392
-0.262993 2.50117
-0.249185 2.33667
-0.274266 2.51998
-0.289323 2.61149
-0.284302 2.49946
-0.274932 2.32685
-0.368136 3.05254
-0.344746 2.78115
-0.337643 2.64299
-0.337263 2.5528
0 0
0 0
-0.272771 2.68813
-0.275514 2.6114
-0.339609 3.10797
-0.341336 3.04714
-0.323225 2.85244
-0.325364 2.73869
-0.335993 2.75318
-0.306238 2.49442
-0.334488 2.63031
-0.364272 2.76932
-0.376153 2.79004
-0.344875 2.48044
-0.256994 1.75742
-0.336109 2.17435
0 0
0 0
-0.278585 2.70563
-0.336674 3.15078
-0.273004 2.47497
-0.21493 1.90824
-0.196113 1.68597
-0.21196 1.78611
-0.2296 1.87167
-0.258076 2.07205
-0.279843 2.1591
-0.27742 2.1187
-0.281986 2.08389
-0.301341 2.17317
-0.323055 2.19128
-0.305776 1.97823
0 0
0 0
-0.177085 1.71063
-0.334413 3.15208
-0.426092 3.8478
-0.287326 2.52902
-0.324599 2.8003
-0.314529 2.61802
-0.326807 2.69508
-0.340278 2.71066
-0.341017 2.61537
-0.339547 2.5462
-0.342529 2.4759
-0.340484 2.31408
-0.34135 2.23731
-0.326248 2.07968
0 0
0 0
-0.336546 3.22391
-0.273186 2.47593
-0.307788 2.69469
-0.334359 2.82385
-0.307664 2.5771
-0.318714 2.55056
-0.308145 2.39557
-0.320999 2.43308
-0.327051 2.36494
-0.382251 2.69872
-0.311134 2.04315
-0.305193 1.91467
-0.341763 2.15681
-0.344675 2.15598
0 0
0 0
0 0
-0.522244 5.30111
-0.419862 4.14244
-0.38384 3.67788
-0.315941 2.99663
-0.345227 3.18609
-0.312851 2.81607
-0.374811 3.2882
-0.383874 3.28918
-0.521285 4.23585
-0.368975 2.86933
-0.383982 2.92704
-0.344316 2.50467
-0.448642 3.11256
0 0
0 0
0 0
-0.36417 3.50534
-0.444511 4.13386
-0.368919 3.36081
-0.311725 2.74285
-0.321859 2.78527
-0.356065 3.02232
-0.352559 2.91137
-0.355054 2.85011
-0.369218 2.81555
-0.375507 2.79192
-0.398042 2.84066
-0.380293 2.56967
-0.421907 2.66989
0 0
0 0
0 0
0 0
-0.282716 2.75663
-0.430722 4.0335
-0.376505 3.4857
-0.400892 3.6208
-0.384831 3.4382
-0.354471 3.07364
-0.353512 2.96257
-0.378387 3.05164
-0.330716 2.63003
-0.32917 2.51319
-0.340129 2.48161
-0.372213 2.48419
0 0
0 0
0 0
0 0
-0.189465 1.6259
-0.299251 2.44653
-0.32376 2.63455
-0.358197 2.86169
-0.376037 2.91406
-0.315641 2.39496
-0.338937 2.48743
-0.334941 2.4495
-0.347598 2.41624
-0.359993 2.37293
-0.552223 3.40454
-0.416802 2.53131
0 0
0 0
0 0
0 0
0 0
-0.186168 1.73669
-0.315652 2.81565
-0.3023 2.64261
-0.305633 2.61023
-0.390093 3.21525
-0.330704 2.68498
-0.3117 2.48654
-0.387309 2.9753
-0.39628 3.00117
-0.374969 2.75099
-0.382896 2.71461
0 0
0 0
0 0
0 0
0 0
0 0
0 0
-0.151095 1.38494
-0.184616 1.69401
-0.580238 5.30979
-0.137218 1.22556
-0.235765 2.04995
-0.201965 1.7159
-0.229998 1.86051
-0.255351 2.02316
-0.318392 2.43731
0 0
0 0
0 0
0 0
0 0
0 0
0 0
0 0
0 0
0 0
-0.278313 2.56415
-0.378501 3.36813
-0.203793 1.77108
-0.392777 3.397
-0.363946 3.07359
-0.371601 3.03595
0 0
0 0
0 0
0 0
0 0
0 0
0 0
0 0
0 0
0 0
0 0
0 0
0 0
0 0
0 0
0 0
