# generated with run 6610
-0.351752 3.62225
-0.307957 3.06917
-0.296276 2.87211
-0.285554 2.72566
-0.291208 2.71098
-0.287968 2.63081
-0.292137 2.64858
-0.286366 2.53036
-0.313683 2.73322
-0.318494 2.72773
-0.326662 2.7812
-0.347207 2.88504
-0.388539 3.12995
-0.375184 2.9429
-0.388115 2.92487
0 0
-0.325763 3.33101
-0.348167 3.49043
-0.301251 2.94608
-0.322344 3.08803
-0.334582 3.1314
-0.289586 2.65829
-0.313157 2.81293
-0.306014 2.69206
-0.317347 2.75406
-0.34237 2.91671
-0.330493 2.73798
-0.366107 3.01058
-0.377499 3.05778
-0.379697 2.98033
-0.373052 2.82925
-0.33492 2.45608
-0.431122 4.75391
-0.2783 2.98353
-0.290224 3.05918
-0.258213 2.65176
-0.299906 3.02903
-0.253632 2.53454
-0.278462 2.75982
-0.285727 2.80481
-0.278731 2.68228
-0.307176 2.91849
-0.299353 2.81121
-0.320633 2.98847
-0.323043 2.95095
-0.326769 2.92094
-0.333652 2.91576
-0.355097 2.9666
-0.238661 2.67697
-0.146657 1.57879
-0.175823 1.83363
-0.183729 1.88008
-0.211939 2.14082
-0.19616 1.94543
-0.188838 1.85103
-0.206404 2.00042
-0.241557 2.32309
-0.222232 2.08908
-0.238187 2.19573
-0.255574 2.31061
-0.264117 2.32879
-0.269761 2.32112
-0.269249 2.2372
-0.393787 3.16641
-0.35133 3.886
-0.343665 3.65019
-0.312897 3.23967
-0.264649 2.68547
-0.29553 2.9461
-0.282128 2.78597
-0.287639 2.80079
-0.291442 2.79326
-0.298295 2.83068
-0.312583 2.92242
-0.333756 3.07338
-0.337754 3.04758
-0.344478 3.06198
-0.348767 3.03029
-0.382323 3.22266
-0.467396 3.82578
-0.262 2.807
-0.264944 2.75814
-0.254061 2.57914
-0.254596 2.55708
-0.257134 2.52912
-0.251294 2.45062
-0.249127 2.40464
-0.250773 2.38327
-0.253425 2.3731
-0.265409 2.47037
-0.305097 2.76287
-0.289728 2.59758
-0.304025 2.67451
-0.300927 2.58472
-0.317672 2.63721
-0.374017 3.02477
-0.243962 2.74416
-0.261571 2.87318
-0.196168 2.10052
-0.251112 2.62077
-0.220012 2.27561
-0.209698 2.13594
-0.20498 2.05448
-0.204304 2.0307
-0.240629 2.35593
-0.249302 2.42137
-0.24735 2.33953
-0.276114 2.58718
-0.274859 2.50755
-0.290807 2.6019
-0.29085 2.5221
-0.361187 3.01884
-0.271949 3.03374
-0.189208 2.05379
-0.201743 2.13198
-0.175004 1.81422
-0.18157 1.84621
-0.179841 1.81813
-0.191826 1.92458
-0.216787 2.14285
-0.218414 2.12721
-0.227409 2.18789
-0.250687 2.40166
-0.253059 2.37695
-0.253514 2.32035
-0.2648 2.40007
-0.286417 2.52068
-0.300027 2.50508
-0.286995 3.26342
-0.198739 2.20396
-0.29147 3.14228
-0.274001 2.90665
-0.225234 2.36521
-0.231989 2.41344
-0.242099 2.45977
-0.243024 2.43502
-0.248868 2.46433
-0.263634 2.56422
-0.281008 2.72118
-0.272457 2.57574
-0.317407 2.94479
-0.316986 2.87198
-0.282741 2.51371
-0.311178 2.65589
0 0
-0.389359 4.37858
-0.430149 4.73564
-0.285987 3.08093
-0.315726 3.36941
-0.251916 2.65181
-0.266422 2.77474
-0.295421 3.06075
-0.292476 3.02198
-0.29465 3.00107
-0.308297 3.10871
-0.303434 3.02445
-0.326018 3.21703
-0.326975 3.17288
-0.332235 3.16794
-0.358279 3.31386
0 0
-0.249 2.759
-0.32066 3.47103
-0.227834 2.38536
-0.278079 2.86615
-0.257979 2.62273
-0.242634 2.42677
-0.269572 2.70212
-0.271286 2.66372
-0.27535 2.6917
-0.29555 2.85177
-0.315994 3.00506
-0.279508 2.57673
-0.291798 2.65026
-0.305861 2.714
-0.353939 3.03007
0 0
0 0
-0.312231 3.49133
-0.229176 2.5066
-0.21896 2.34173
-0.221025 2.32264
-0.209789 2.16984
-0.191552 1.97029
-0.216254 2.19381
-0.210323 2.10932
-0.218079 2.16502
-0.241421 2.3535
-0.246831 2.39064
-0.250184 2.364
-0.236661 2.18628
-0.27683 2.48874
0 0
0 0
0 0
-0.352934 3.75116
-0.299638 3.13567
-0.251849 2.54751
-0.270063 2.72193
-0.233972 2.30876
-0.231045 2.25311
-0.254163 2.44359
-0.231977 2.20576
-0.257847 2.42352
-0.269893 2.49333
-0.255715 2.33149
-0.277224 2.48348
-0.299932 2.60715
0 0
0 0
0 0
0 0
-0.402511 4.45863
-0.313993 3.41575
-0.357663 3.78839
-0.326764 3.36352
-0.28488 2.89501
-0.301937 2.99458
-0.301197 2.95028
-0.285208 2.7286
-0.283092 2.66154
-0.270498 2.50128
-0.303175 2.71983
-0.309227 2.64803
0 0
0 0
0 0
0 0
0 0
-0.24 2.76
-0.243 2.755
-0.186946 2.06911
-0.157797 1.72455
-0.182132 1.95229
-0.186288 1.95998
-0.190427 1.96427
-0.19484 1.9505
-0.234316 2.26819
-0.249351 2.33792
-0.28094 2.53848
0 0
0 0
0 0
0 0
0 0
0 0
0 0
-0.268 2.863
-0.115067 1.2259
-0.161676 1.67135
-0.238115 2.38454
-0.289389 2.8938
-0.225814 2.20984
-0.224567 2.13681
-0.215026 2.02058
-0.270522 2.46386
-0.174904 1.541
-0.259634 2.40746
-0.317184 3.00334
-0.267286 2.55463
-0.240829 2.35854
-0.282415 2.82196
-0.223375 2.25418
-0.270681 2.83179
-0.348969 3.73743
0 0
0 0
0 0
0 0
0 0
0 0
0 0
-0.308994 2.70057
-0.243434 2.2054
-0.243535 2.26339
-0.23734 2.2575
-0.279029 2.69551
-0.232903 2.27535
-0.194716 1.92973
-0.139444 1.41652
-0.259133 2.6776
-0.23421 2.43056
-0.276491 2.97189
0 0
0 0
0 0
0 0
0 0
-0.398395 2.8376
-0.383961 2.85039
-0.394923 2.98886
-0.384014 2.97899
-0.38965 3.11528
-0.296694 2.44131
-0.310706 2.61741
-0.267771 2.30248
-0.248714 2.19589
-0.256743 2.34853
-0.286009 2.67288
-0.361586 3.50511
0 0
0 0
0 0
0 0
-0.337524 2.96912
-0.299748 2.73738
-0.305191 2.81525
-0.24528 2.30886
-0.262709 2.50833
-0.261204 2.52939
-0.229412 2.23674
-0.256797 2.55716
-0.223849 2.22933
-0.259808 2.63751
-0.219145 2.24856
-0.228028 2.37323
-0.311321 3.31826
0 0
0 0
0 0
-0.364378 2.98917
-0.289231 2.43352
-0.27647 2.38287
-0.272083 2.41422
-0.271579 2.44548
-0.255293 2.35277
-0.261833 2.43465
-0.239416 2.26729
-0.226434 2.19186
-0.205868 1.99306
-0.239075 2.34193
-0.244529 2.43653
-0.274705 2.79532
-0.368593 3.89025
0 0
0 0
-0.392694 3.14321
-0.36671 3.00941
-0.348007 2.96695
-0.349081 3.01585
-0.341963 3.03729
-0.323228 2.95055
-0.3154 2.91862
-0.299965 2.83565
-0.290747 2.78598
-0.296107 2.85275
-0.258924 2.54745
-0.291465 2.90203
-0.316523 3.20206
-0.330612 3.43199
-0.296786 3.21955
0 0
-0.367252 2.87354
-0.373143 3.03492
-0.330639 2.75725
-0.324281 2.76142
-0.332766 2.89936
-0.306998 2.73686
-0.312705 2.86814
-0.300168 2.81296
-0.289927 2.76445
-0.292911 2.84201
-0.276879 2.70648
-0.284437 2.83515
-0.275244 2.78954
-0.278869 2.92572
-0.409956 4.43305
0 0
-0.347329 2.96297
-0.321174 2.85883
-0.31429 2.8569
-0.30514 2.83422
-0.297471 2.83027
-0.2845 2.73414
-0.288909 2.8288
-0.266167 2.63866
-0.273732 2.75134
-0.2627 2.66751
-0.252167 2.57474
-0.287856 2.98076
-0.271577 2.85502
-0.334631 3.58825
-0.297368 3.25329
-0.523938 5.81634
-0.372151 2.66647
-0.399392 3.06517
-0.401611 3.20971
-0.3851 3.1719
-0.287138 2.44443
-0.288113 2.52193
-0.260274 2.33577
-0.26395 2.45621
-0.248128 2.32297
-0.236042 2.24623
-0.246773 2.41145
-0.248532 2.47343
-0.220913 2.24888
-0.220995 2.29636
-0.289241 3.10038
-0.363989 4.05314
-0.441808 3.31462
-0.407929 3.20631
-0.377619 3.06466
-0.32217 2.68591
-0.311051 2.69081
-0.319515 2.83504
-0.275336 2.51043
-0.282116 2.65167
-0.266193 2.55094
-0.262697 2.57246
-0.255059 2.53912
-0.245013 2.47062
-0.27779 2.86511
-0.297645 3.17498
-0.357494 3.953
-0.290925 3.24854
-0.379881 2.56947
-0.353259 2.53997
-0.324813 2.43688
-0.304105 2.30443
-0.342702 2.75213
-0.327219 2.69651
-0.259593 2.24627
-0.244246 2.18894
-0.215181 1.96931
-0.225622 2.13517
-0.208486 1.9908
-0.217635 2.13479
-0.190156 1.93516
-0.161174 1.65689
-0.24012 2.57031
-0.312 3.579
-0.37297 2.92417
-0.376789 3.04356
-0.317197 2.65099
-0.317194 2.74303
-0.298447 2.70054
-0.286661 2.64919
-0.27043 2.56662
-0.234087 2.26523
-0.235049 2.31059
-0.218075 2.17791
-0.192473 1.96895
-0.208788 2.15931
-0.199817 2.10823
-0.224553 2.42204
-0.19368 2.14568
-0.222 2.530
-0.38144 2.73843
-0.422745 3.20885
-0.383313 3.02855
-0.414272 3.40055
-0.327273 2.79793
-0.325167 2.88512
-0.329505 3.00872
-0.309296 2.8997
-0.30376 2.91839
-0.30921 3.02727
-0.307635 3.07823
-0.288486 2.92023
-0.299298 3.11881
-0.269428 2.84202
-0.277161 2.99517
-0.385 4.312
-0.382466 2.97932
-0.35925 2.92765
-0.34368 2.81727
-0.336668 2.92199
-0.311814 2.73716
-0.295363 2.65102
-0.275586 2.52578
-0.27525 2.60849
-0.246827 2.34389
-0.235555 2.26723
-0.223096 2.18006
-0.244037 2.40574
-0.245351 2.48897
-0.233095 2.38268
-0.234578 2.43931
-0.310619 3.33289
-0.288331 2.00349
-0.304792 2.17166
-0.335065 2.49008
-0.323116 2.50993
-0.327656 2.60531
-0.287314 2.37559
-0.26657 2.19396
-0.261063 2.22218
-0.248645 2.15698
-0.241188 2.13807
-0.21925 1.96818
-0.263866 2.4211
-0.254412 2.37572
-0.223488 2.10766
-0.185758 1.78547
-0.23913 2.40277
0 0
-0.304555 2.6759
-0.331229 3.03299
-0.321944 3.06204
-0.31323 3.03789
-0.30137 2.98307
-0.298036 2.99825
-0.288024 2.94103
-0.271959 2.81237
-0.274821 2.87789
-0.273372 2.89157
-0.303694 3.25232
-0.287529 3.12778
-0.29773 3.29435
-0.309551 3.47881
-0.365 4.177
-0.335698 3.64705
-0.273505 2.87605
-0.293267 3.06061
-0.249345 2.52681
-0.255531 2.54107
-0.255356 2.498
-0.243072 2.35651
-0.254276 2.43082
-0.282 2.6678
-0.291059 2.7022
-0.30281 2.7534
-0.304739 2.7117
-0.337671 2.93175
-0.354639 2.91894
-0.366899 2.87035
0 0
-0.331998 3.58932
-0.254989 2.62589
-0.268435 2.73958
-0.252389 2.50303
-0.246858 2.39815
-0.24348 2.32687
-0.247563 2.32794
-0.26662 2.4473
-0.270192 2.44036
-0.264577 2.32981
-0.288661 2.47299
-0.313355 2.5636
-0.374387 3.01255
-0.354363 2.75534
-0.364686 2.71627
-0.374686 2.71914
-0.295425 3.17974
-0.214877 2.20908
-0.238971 2.39183
-0.253716 2.50688
-0.280347 2.70426
-0.260675 2.46998
-0.266392 2.49852
-0.276619 2.55178
-0.284602 2.56126
-0.295679 2.59005
-0.31674 2.74748
-0.311233 2.5902
-0.3495 2.83055
-0.374354 2.88463
-0.360641 2.66978
-0.363669 2.53631
-0.367866 4.06432
-0.263171 2.82294
-0.26614 2.84068
-0.279682 2.90839
-0.239704 2.44893
-0.292733 2.96072
-0.260601 2.61118
-0.269476 2.66666
-0.289076 2.82717
-0.283201 2.71429
-0.302109 2.84686
-0.30281 2.77251
-0.297336 2.64816
-0.309267 2.67063
-0.318188 2.60013
-0.392766 3.14113
-0.254115 2.91347
-0.221754 2.51294
-0.259605 2.91489
-0.262247 2.90378
-0.27387 2.97683
-0.2419 2.58386
-0.229607 2.41588
-0.236028 2.44107
-0.273195 2.76956
-0.27301 2.71901
-0.274406 2.66406
-0.295226 2.79949
-0.292863 2.69256
-0.299117 2.66436
-0.316424 2.72182
-0.371956 3.05502
-0.587894 6.8261
-0.147099 1.68579
-0.286382 3.24232
-0.260209 2.91097
-0.224959 2.48338
-0.24619 2.66932
-0.236471 2.53733
-0.240057 2.54837
-0.253917 2.67407
-0.288805 2.9817
-0.309872 3.18237
-0.290475 2.89283
-0.326317 3.18709
-0.338016 3.22367
-0.339259 3.16594
-0.338172 3.04109
-0.347669 3.84542
-0.24 2.63
-0.243712 2.63028
-0.284132 3.02406
-0.253803 2.6448
-0.22568 2.32716
-0.232131 2.36395
-0.254922 2.57109
-0.230197 2.29308
-0.274919 2.71344
-0.272626 2.61645
-0.296054 2.78114
-0.306987 2.84258
-0.305635 2.7365
-0.32749 2.86832
-0.353765 2.97734
-0.340672 3.78809
-0.158199 1.735
-0.194782 2.07531
-0.232838 2.45783
-0.229175 2.36137
-0.218458 2.21581
-0.23636 2.38838
-0.242402 2.40335
-0.258436 2.5059
-0.266122 2.53386
-0.273482 2.55243
-0.293617 2.6746
-0.294545 2.60685
-0.310775 2.6746
-0.32595 2.70278
-0.40671 3.24224
-0.174626 1.95232
-0.205314 2.24801
-0.211346 2.28954
-0.205183 2.205
-0.219719 2.32278
-0.190285 1.97715
-0.232901 2.42633
-0.231331 2.37347
-0.225696 2.2719
-0.26525 2.65748
-0.264052 2.58568
-0.261655 2.49933
-0.28578 2.70336
-0.299144 2.74789
-0.307458 2.7553
-0.334681 2.88527
0 0
-0.334852 3.76896
-0.45819 5.08844
-0.303061 3.30695
-0.36295 3.89534
-0.318904 3.37725
-0.266084 2.80909
-0.331669 3.46006
-0.301535 3.10508
-0.316215 3.21394
-0.346599 3.47214
-0.363871 3.60789
-0.36196 3.51769
-0.380359 3.64491
-0.375364 3.50754
-0.373734 3.37669
0 0
-0.45 5.01
-0.454 5.014
-0.244007 2.63007
-0.315932 3.33685
-0.270746 2.80905
-0.276885 2.84683
-0.307222 3.1447
-0.293371 2.9647
-0.312552 3.09903
-0.327049 3.18908
-0.356257 3.41806
-0.339088 3.15912
-0.35473 3.23549
-0.338221 3.00711
-0.374585 3.21421
0 0
0 0
-0.227048 2.58863
-0.27 2.95
-0.267374 2.94716
-0.182755 1.97321
-0.198111 2.13529
-0.17317 1.83661
-0.21819 2.28533
-0.22383 2.32764
-0.26744 2.72708
-0.18139 1.80246
-0.256019 2.49986
-0.29697 2.89494
-0.264419 2.49447
-0.27883 2.53167
0 0
0 0
0 0
-0.20 2.06
-0.198392 2.06396
-0.204366 2.03435
-0.253422 2.52776
-0.213476 2.08843
-0.243208 2.34353
-0.260635 2.44853
-0.186028 1.712
-0.280842 2.5736
-0.291337 2.6402
-0.277946 2.47167
-0.295959 2.53829
-0.322917 2.69958
0 0
0 0
0 0
0 0
-0.379691 4.32627
-0.38 4.33
-0.38 4.33
-0.400591 4.32421
-0.224971 2.40084
-0.277478 2.93772
-0.248031 2.568
-0.237513 2.41666
-0.301441 3.04493
-0.258714 2.57373
-0.345569 3.35693
-0.254249 2.39506
0 0
0 0
0 0
0 0
0 0
-0.30 3.48
-0.303404 3.47763
-0.365154 4.08752
-0.316701 3.51579
-0.418457 4.55247
-0.25 2.37
-0.25 2.37
-0.25 2.37
-0.332188 3.30694
-0.209401 2.09756
-0.246967 2.37039
0 0
0 0
0 0
0 0
0 0
0 0
0 0
-0.255633 2.71684
-0.26 2.72
-0.37508 3.98452
-0.27 2.68
-0.27 2.68
-0.435077 4.48219
-0.27 2.68
-0.267466 2.67989
-0.319484 3.09731
-0.565759 5.18059
-0.32 3.26
-0.32 3.26
-0.457566 4.39857
-0.32 3.26
-0.32 3.26
-0.322159 3.25969
-0.46 4.40
0 0
0 0
0 0
0 0
0 0
0 0
0 0
0 0
-0.355946 3.24202
-0.36 3.24
-0.50 4.64
-0.326 3.045
-0.33 3.05
-0.297637 2.90837
-0.340 3.341
-0.34 3.34
-0.34 3.34
-0.445266 4.73838
-0.45 4.74
0 0
0 0
0 0
0 0
0 0
-0.18501 1.99227
-0.2335 2.552
-0.278 3.038
-0.226681 2.50444
-0.391 4.337
-0.39 4.34
-0.39 4.34
-0.39 4.34
-0.39 4.34
-0.39 4.34
-0.39 4.34
-0.39 4.34
0 0
0 0
0 0
0 0
-0.296413 2.60637
-0.235664 2.16428
-0.188967 1.7811
-0.247416 2.34563
-0.228531 2.22233
-0.232835 2.3159
-0.206162 2.04225
-0.172421 1.753
-0.28 2.89
-0.27608 2.89166
-0.246298 2.63317
-0.25 2.63
-0.25 2.63
0 0
0 0
0 0
-0.307439 2.67493
-0.325676 2.98025
-0.259633 2.39805
-0.257774 2.41458
-0.26103 2.50096
-0.197645 1.92762
-0.263587 2.59755
-0.206528 2.06441
-0.222855 2.25157
-0.185168 1.88482
-0.284279 2.94174
-0.375512 3.94351
-0.272371 2.91759
-0.205911 2.2621
0 0
0 0
-0.350185 3.3069
-0.331726 3.2219
-0.312579 3.08439
-0.266963 2.66394
-0.302044 3.05937
-0.277397 2.85838
-0.232062 2.39968
-0.279965 2.96968
-0.3167 3.36733
-0.215236 2.31853
-0.251279 2.73671
-0.354349 3.90174
-0.364386 4.05682
-0.416063 4.74361
-0.42 4.74
0 0
-0.335225 2.88035
-0.314006 2.79593
-0.270553 2.46243
-0.256116 2.37277
-0.257131 2.40877
-0.261419 2.49503
-0.243691 2.36783
-0.234441 2.29995
-0.253217 2.51781
-0.188506 1.88236
-0.241859 2.43602
-0.242 2.476
-0.216 2.255
-0.39 4.22
-0.385753 4.21893
0 0
-0.3509 2.95534
-0.350664 3.07955
-0.338505 3.04441
-0.319528 2.93192
-0.315873 2.95096
-0.292565 2.79505
-0.274075 2.66465
-0.283627 2.77781
-0.2482 2.45598
-0.282211 2.84196
-0.26996 2.7245
-0.288312 2.95257
-0.20244 2.10876
-0.262527 2.80574
-0.30402 3.3375
-0.30 3.34
-0.421258 3.39234
-0.325553 2.71843
-0.315532 2.69377
-0.295716 2.58596
-0.296168 2.64314
-0.306976 2.7883
-0.330857 3.03383
-0.270238 2.52922
-0.273446 2.60212
-0.267923 2.57428
-0.247825 2.4137
-0.231082 2.27922
-0.199457 1.98942
-0.286374 2.91443
-0.29 2.91
-0.29 2.91
-0.337871 2.94526
-0.326047 2.97405
-0.307951 2.83269
-0.292036 2.72856
-0.275688 2.6291
-0.269792 2.61905
-0.241151 2.36013
-0.25234 2.50428
-0.21041 2.09601
-0.223803 2.25727
-0.201307 2.04315
-0.222161 2.28778
-0.241486 2.51111
-0.0867939 0.920289
-0.290222 3.13129
-0.139119 1.545
-0.413523 3.32442
-0.330166 2.7553
-0.316471 2.66867
-0.28715 2.50259
-0.290446 2.59001
-0.279713 2.5454
-0.275756 2.54668
-0.272895 2.54436
-0.256964 2.4446
-0.260416 2.52997
-0.234111 2.28181
-0.24197 2.4019
-0.257807 2.60291
-0.206338 2.11635
-0.21 2.12
-0.21 2.12
-0.422725 3.34996
-0.397557 3.27149
-0.333082 2.79665
-0.307117 2.65551
-0.302254 2.66407
-0.296837 2.70537
-0.27012 2.48921
-0.264615 2.51285
-0.24658 2.34053
-0.24413 2.36596
-0.219133 2.13143
-0.201095 2.00071
-0.236867 2.39339
-0.218109 2.27421
-0.227354 2.45688
-0.272642 3.0403
-0.204248 1.93487
-0.223741 2.22377
-0.227907 2.31653
-0.217918 2.27229
-0.222202 2.36565
-0.203883 2.19572
-0.198006 2.21059
-0.209025 2.37666
-0.196594 2.276
-0.166149 1.97685
-0.144464 1.73781
-0.164258 2.02202
-0.18451 2.31748
-0.168799 2.15876
-0.191447 2.47398
-0.19 2.47
-0.371065 2.93257
-0.403184 3.28157
-0.326934 2.69245
-0.307569 2.62415
-0.308367 2.68321
-0.301893 2.67163
-0.294267 2.64522
-0.283881 2.59002
-0.278582 2.57943
-0.276823 2.59099
-0.269488 2.54294
-0.259232 2.49836
-0.261252 2.55636
-0.255372 2.53322
-0.256053 2.61953
-0.26 2.62
-0.276218 2.42694
-0.302118 2.75311
-0.308767 2.89138
-0.305925 2.93238
-0.292407 2.85099
-0.294907 2.92019
-0.290116 2.9082
-0.283042 2.87727
-0.279935 2.8806
-0.280476 2.91756
-0.277079 2.90988
-0.298156 3.16388
-0.300184 3.22985
-0.315875 3.45677
-0.317374 3.52224
-0.434516 4.91331
0 0
-0.346498 2.80325
-0.361448 3.04879
-0.358139 3.11511
-0.360477 3.20627
-0.349606 3.17262
-0.34136 3.15055
-0.335664 3.15995
-0.32387 3.10103
-0.321667 3.10773
-0.316223 3.09396
-0.346585 3.44338
-0.335822 3.39847
-0.329722 3.39371
-0.299635 3.15102
-0.506414 5.52119
-0.302167 2.83147
-0.361671 3.44138
-0.223686 2.19004
-0.283536 2.84278
-0.30449 3.09313
-0.232451 2.39459
-0.294559 3.07891
-0.304038 3.2765
-0.344272 3.77166
0 0
0 0
0 0
0 0
0 0
0 0
0 0
-0.326895 3.13442
-0.319398 3.14079
-0.287412 2.91947
-0.258382 2.663
-0.304874 3.21805
-0.243302 2.5852
-0.303836 3.3111
-0.271273 3.01304
-0.382429 4.28339
-0.461016 5.24863
-0.641804 7.47174
0 0
0 0
0 0
0 0
0 0
-0.257945 2.37663
-0.257478 2.44997
-0.27437 2.69424
-0.23704 2.33716
-0.241039 2.41143
-0.215468 2.18804
-0.214368 2.20302
-0.211776 2.20922
-0.19044 2.01458
-0.192 2.072
-0.251371 2.73473
-0.210137 2.32195
0 0
0 0
0 0
0 0
-0.300611 2.51561
-0.275706 2.39475
-0.242319 2.16593
-0.226847 2.06765
-0.225875 2.1335
-0.222435 2.11273
-0.208576 2.02242
-0.213294 2.12487
-0.223427 2.23395
-0.199258 2.03742
-0.184194 1.90015
-0.261646 2.75377
-0.270873 2.93875
0 0
0 0
0 0
-0.38098 2.9711
-0.375796 3.01447
-0.36364 3.00732
-0.310562 2.65724
-0.281038 2.45094
-0.282122 2.50012
-0.2629 2.37271
-0.275503 2.5366
-0.232802 2.19817
-0.268025 2.58032
-0.24836 2.42153
-0.245927 2.45512
-0.289887 3.00172
-0.324286 3.46318
0 0
0 0
-0.361065 3.00777
-0.350316 3.03659
-0.340306 3.04331
-0.297659 2.72125
-0.300746 2.81398
-0.286934 2.72519
-0.29313 2.88519
-0.260678 2.56541
-0.255861 2.57093
-0.220728 2.24411
-0.238983 2.47813
-0.250582 2.62561
-0.247389 2.67957
-0.31434 3.50055
-0.240341 2.7375
0 0
-0.380098 3.16326
-0.340457 2.93689
-0.32162 2.85134
-0.335414 3.06028
-0.326446 3.07572
-0.303321 2.9136
-0.286235 2.79028
-0.295636 2.931
-0.273348 2.7591
-0.268494 2.76381
-0.271281 2.81576
-0.260014 2.76289
-0.26797 2.88768
-0.305546 3.39282
-0.360901 4.14172
0 0
-0.377481 2.93814
-0.41654 3.38794
-0.326442 2.7567
-0.314119 2.69012
-0.304571 2.74742
-0.302528 2.78415
-0.294411 2.75373
-0.261958 2.48163
-0.262545 2.53582
-0.252372 2.47562
-0.262106 2.61865
-0.269763 2.77184
-0.26416 2.7411
-0.279455 2.97118
-0.319159 3.51
-0.395797 4.5133
-0.363321 2.64612
-0.374399 2.83235
-0.38099 2.98451
-0.38038 3.07296
-0.289846 2.43412
-0.264787 2.27042
-0.274365 2.43226
-0.237274 2.12824
-0.251609 2.30753
-0.242084 2.2665
-0.238679 2.25159
-0.232908 2.23181
-0.245573 2.42535
-0.211787 2.11573
-0.19882 2.0671
-0.379538 4.13303
-0.419429 3.2189
-0.382834 3.05297
-0.381658 3.13194
-0.333607 2.81149
-0.303909 2.62164
-0.297506 2.63478
-0.245823 2.21488
-0.264702 2.44452
-0.258636 2.44406
-0.244903 2.36841
-0.245586 2.3907
-0.241998 2.40068
-0.259088 2.64351
-0.235702 2.4599
-0.326222 3.51995
-0.271689 3.03638
-0.324216 2.54446
-0.338129 2.78601
-0.303856 2.61741
-0.297434 2.6483
-0.301468 2.7739
-0.271292 2.53749
-0.29381 2.81296
-0.271776 2.64683
-0.271885 2.71771
-0.275996 2.76574
-0.245611 2.49718
-0.276675 2.87979
-0.279953 2.99401
-0.281978 3.07159
-0.378913 4.21706
-0.457149 5.21825
-0.248548 1.87793
-0.231103 1.83876
-0.249624 2.07205
-0.184128 1.58206
-0.186894 1.69723
-0.169792 1.5925
-0.13882 1.3514
-0.141495 1.44131
-0.149327 1.5527
-0.175571 1.78697
-0.117957 1.29401
-0.143997 1.62055
-0.131314 1.53285
-0.122627 1.47058
-0.123368 1.52719
-0.132089 1.7463
-0.436255 3.16627
-0.426528 3.20216
-0.438456 3.38418
-0.422768 3.38039
-0.411146 3.36941
-0.287169 2.37832
-0.301767 2.57718
-0.268166 2.35482
-0.296281 2.69897
-0.261981 2.42617
-0.293938 2.78295
-0.271059 2.59879
-0.29667 2.91159
-0.289872 2.92006
-0.259229 2.67885
-0.330134 3.56329
-0.39364 3.05678
-0.365546 2.98163
-0.340329 2.81981
-0.328034 2.82126
-0.299179 2.62225
-0.296532 2.67929
-0.293412 2.69821
-0.262728 2.44325
-0.252212 2.37913
-0.275705 2.67519
-0.237124 2.30922
-0.286379 2.84768
-0.274206 2.7794
-0.269268 2.76541
-0.253756 2.6505
-0.45829 4.92734
-0.333871 2.52967
-0.332824 2.66016
-0.307576 2.57661
-0.278461 2.3905
-0.282264 2.48857
-0.280173 2.58279
-0.253293 2.36661
-0.236609 2.24687
-0.208374 2.00915
-0.212029 2.08062
-0.226473 2.25856
-0.243134 2.47589
-0.218446 2.29998
-0.211775 2.25753
-0.193809 2.12122
-0.311776 3.52272
0 0
-0.134 1.53
-0.133023 1.53906
-0.113097 1.39959
-0.135642 1.943
-0.163508 2.44417
-0.156629 2.4056
-0.148188 2.28717
-0.140005 2.22254
-0.183591 2.9817
-0.136067 2.2565
-0.152591 2.58818
-0.18462 3.21321
-0.205528 3.6602
-0.172553 3.12571
-0.226547 4.25976
-0.371438 4.11911
-0.190454 2.03839
-0.250688 2.63465
-0.212332 2.19031
-0.205174 2.07255
-0.210611 2.09285
-0.220013 2.15684
-0.222253 2.14806
-0.230226 2.18544
-0.24806 2.30936
-0.255128 2.32848
-0.288429 2.58035
-0.268128 2.32834
-0.285281 2.38459
-0.253237 2.039
0 0
-0.471059 5.2495
-0.292904 3.15809
-0.249126 2.64109
-0.31058 3.23957
-0.282128 2.89307
-0.240076 2.42429
-0.246766 2.46173
-0.25574 2.51451
-0.265674 2.57629
-0.272569 2.60627
-0.28381 2.6575
-0.274741 2.52131
-0.286592 2.57726
-0.299438 2.6081
-0.278549 2.33451
-0.291326 2.38827
-0.45452 4.96424
-0.352873 3.68371
-0.316639 3.25232
-0.309633 3.1103
-0.313652 3.0753
-0.320611 3.08739
-0.293513 2.79317
-0.278973 2.60614
-0.31316 2.88141
-0.325632 2.96445
-0.329106 2.91979
-0.342761 3.01892
-0.364202 3.08309
-0.366269 3.03004
-0.367326 2.95162
-0.373153 2.87047
-0.505565 5.55885
-0.347785 3.65957
-0.304662 3.12235
-0.300231 3.01272
-0.310809 3.06801
-0.249858 2.39445
-0.271585 2.56082
-0.272012 2.51997
-0.27268 2.46667
-0.280598 2.47963
-0.26328 2.25749
-0.319782 2.64212
-0.321579 2.60381
-0.364824 2.81178
-0.339302 2.50033
-0.347751 2.3642
-0.285247 3.22029
-0.27051 2.96912
-0.206238 2.214
-0.220097 2.31421
-0.211269 2.18033
-0.187197 1.89847
-0.220302 2.21277
-0.226478 2.24708
-0.243803 2.41412
-0.238875 2.29689
-0.271775 2.58457
-0.27538 2.58846
-0.296423 2.68613
-0.28889 2.55633
-0.322862 2.80869
-0.379564 3.11676
-0.402801 4.29517
-0.38591 3.942
-0.323884 3.23098
-0.321051 3.10342
-0.323533 3.03487
-0.294658 2.72086
-0.31173 2.83044
-0.327008 2.91453
-0.319105 2.80133
-0.319915 2.74163
-0.325825 2.69098
-0.363478 2.94024
-0.3719 2.89856
-0.363885 2.77666
-0.392648 2.83386
-0.363402 2.46223
-0.241 2.801
-0.296835 3.41424
-0.209477 2.3732
-0.194259 2.17794
-0.218605 2.41775
-0.203511 2.23639
-0.215498 2.32494
-0.20757 2.21625
-0.223653 2.35822
-0.248707 2.57789
-0.230371 2.36035
-0.258962 2.59781
-0.27369 2.68529
-0.274981 2.6172
-0.293599 2.71827
-0.316806 2.78223
-0.377488 4.70636
-0.345345 4.23761
-0.190234 2.30928
-0.197813 2.4026
-0.169437 2.04162
-0.182 2.192
-0.186906 2.24656
-0.120697 1.45281
-0.148504 1.78778
-0.23799 2.85883
-0.219537 2.62471
-0.224593 2.67238
-0.211515 2.49343
-0.258817 3.00648
-0.258861 2.97429
-0.288174 3.24793
-0.374012 3.66358
-0.398374 3.68303
-0.348683 3.10063
-0.347835 2.95434
-0.370183 3.03074
-0.360729 2.87398
-0.366433 2.81453
-0.345231 2.59852
-0.383758 2.79123
-0.354517 2.53476
-0.387346 2.62211
-0.369248 2.36734
-0.37443 2.32666
-0.396197 2.31688
-0.394846 2.24621
-0.38549 2.11484
0 0
-0.39936 3.45342
-0.422785 3.40874
-0.390265 2.96993
-0.3653 2.65372
-0.335442 2.33217
-0.338614 2.22815
-0.344554 2.19995
-0.350145 2.16017
-0.365045 2.23811
-0.37323 2.2176
-0.360735 2.12655
-0.414598 2.4116
-0.348714 2.00658
-0.319304 1.84091
-0.354407 2.08022
0 0
-0.346402 3.76895
-0.442139 4.60647
-0.290205 2.93312
-0.278701 2.75094
-0.294445 2.8363
-0.286138 2.7062
-0.286711 2.6827
-0.297522 2.76268
-0.30086 2.73621
-0.324783 2.90201
-0.317925 2.78088
-0.345742 2.96424
-0.354139 2.92396
-0.37154 3.00383
-0.3842 2.9515
0 0
0 0
-0.215363 2.09184
-0.271008 2.46026
-0.284679 2.45847
-0.263251 2.19567
-0.36335 3.00038
-0.363861 2.9425
-0.362071 2.86984
-0.38801 3.00136
-0.366019 2.78694
-0.361787 2.68387
-0.353401 2.54981
-0.389214 2.72327
-0.373206 2.46284
-0.338969 2.17091
0 0
0 0
0 0
-0.196841 2.25671
-0.0676235 0.772023
-0.146101 1.65563
-0.122767 1.36785
-0.156269 1.73986
-0.147369 1.60804
-0.168179 1.82331
-0.166712 1.78619
-0.208115 2.16433
-0.230999 2.35827
-0.238804 2.39572
-0.239893 2.3548
-0.262816 2.49496
0 0
0 0
0 0
0 0
-0.426321 3.60546
-0.377869 3.04143
-0.33217 2.57514
-0.307863 2.23864
-0.312613 2.19628
-0.302644 2.0391
-0.263204 1.69181
-0.280104 1.70012
-0.324724 1.90279
-0.2875 1.69476
-0.327874 1.88934
-0.438753 2.51675
0 0
0 0
0 0
0 0
0 0
-0.435814 4.90934
-0.362  4.030
-0.149964 1.63381
-0.279061 3.01302
-0.267807 2.8349
-0.253907 2.61599
-0.256112 2.59681
-0.280474 2.78759
-0.281475 2.73782
-0.283931 2.70845
-0.311415 2.90241
0 0
0 0
0 0
0 0
0 0
0 0
0 0
-0.350 3.086
-0.276 2.308
-0.451736 3.60422
-0.281436 2.15659
-0.317212 2.35949
-0.307446 2.18142
-0.341785 2.3657
-0.360165 2.29745
-0.283619 1.76724
-0.183668 1.90233
-0.284133 3.01725
-0.222188 2.42767
-0.189778 2.09097
-0.253898 2.81858
-0.301987 3.38024
-0.20675 2.3677
-0.21 2.37
-0.21 2.37
0 0
0 0
0 0
0 0
0 0
0 0
0 0
-0.24957 2.60964
-0.212469 2.26992
-0.211073 2.3096
-0.154975 1.71306
-0.257867 2.88897
-0.180 2.042
-0.253 2.874
-0.25 2.87
-0.25 2.87
-0.25 2.87
-0.25 2.87
0 0
0 0
0 0
0 0
0 0
-0.308922 3.17272
-0.285206 2.95923
-0.241085 2.55625
-0.20392 2.20017
-0.24457 2.71459
-0.211539 2.37193
-0.165886 1.87258
-0.202422 2.30903
-0.189472 2.16862
-0.206582 2.38905
-0.276487 3.20294
-0.240728 2.86263
0 0
0 0
0 0
0 0
-0.287296 2.50353
-0.262665 2.36745
-0.240282 2.21459
-0.255725 2.42414
-0.228444 2.19965
-0.217254 2.11954
-0.224732 2.27446
-0.200754 2.03082
-0.195505 2.04712
-0.173847 1.82892
-0.149 1.595
-0.38497 4.13559
-0.38 4.14
0 0
0 0
0 0
-0.319586 2.73015
-0.302522 2.66944
-0.300634 2.73082
-0.288864 2.68169
-0.277458 2.62154
-0.26562 2.54622
-0.275417 2.69925
-0.266729 2.63774
-0.264223 2.64726
-0.270862 2.76536
-0.243243 2.50765
-0.292945 3.08252
-0.29 3.08
-0.29 3.08
0 0
0 0
-0.318094 3.04191
-0.296006 2.90977
-0.286347 2.88283
-0.278798 2.85785
-0.258613 2.69218
-0.243215 2.5752
-0.227327 2.44956
-0.236871 2.61041
-0.216601 2.40587
-0.234687 2.63302
-0.2233 2.53005
-0.253296 2.89049
-0.25 2.89
-0.25 2.89
-0.25 2.89
0 0
-0.434441 2.63268
-0.428945 2.67292
-0.388787 2.48475
-0.380353 2.55463
-0.326692 2.22805
-0.357825 2.49632
-0.341111 2.51991
-0.355252 2.69455
-0.348599 2.74525
-0.350993 2.81689
-0.323146 2.66831
-0.444 3.726
-0.321374 2.77455
-0.32 2.77
-0.32 2.77
0 0
-0.331168 2.34361
-0.37978 2.84643
-0.377991 2.90757
-0.337385 2.6365
-0.357955 2.89729
-0.281059 2.36506
-0.269182 2.26747
-0.259297 2.23853
-0.229667 2.0258
-0.246742 2.23389
-0.216747 1.99872
-0.274941 2.57268
-0.303955 2.9317
-0.295603 2.9218
-0.30 2.92
-0.30 2.92
-0.368107 2.28081
-0.372786 2.52403
-0.36813 2.36264
-0.369649 2.45914
-0.368855 2.57985
-0.373305 2.70971
-0.355063 2.65699
-0.328914 2.50657
-0.356323 2.83056
-0.354332 2.88766
-0.26697 2.23411
-0.343747 2.99129
-0.359377 3.29324
-0.289559 2.76819
-0.35486 3.50392
-0.35 3.50
-0.362738 2.81575
-0.343069 2.82778
-0.326296 2.77698
-0.334276 2.90076
-0.313566 2.81455
-0.312491 2.86407
-0.300605 2.83312
-0.278774 2.68702
-0.271329 2.66082
-0.26729 2.66664
-0.293164 3.01571
-0.314763 3.27823
-0.235 2.496
-0.297299 3.26614
-0.30 3.27
-0.30 3.27
-0.429664 2.75314
-0.4559 3.0321
-0.457953 3.18578
-0.459382 3.31331
-0.456384 3.39916
-0.440374 3.37717
-0.425532 3.3276
-0.421519 3.4198
-0.332409 2.81334
-0.333996 2.8411
-0.320536 2.7751
-0.319577 2.8848
-0.267593 2.48757
-0.210 2.019
-0.21 2.02
-0.21 2.02
-0.378441 2.97539
-0.375979 3.03178
-0.33707 2.75433
-0.343046 2.94959
-0.328649 2.90175
-0.323969 2.93192
-0.312886 2.81569
-0.312132 2.94485
-0.26765 2.54371
-0.267379 2.56874
-0.27502 2.69731
-0.306908 3.05668
-0.261484 2.67268
-0.347 3.605
-0.35 3.61
-0.35 3.61
-0.271248 2.48458
-0.278963 2.63425
-0.260985 2.50993
-0.261794 2.56237
-0.242932 2.41883
-0.249741 2.51641
-0.244706 2.50422
-0.223564 2.32634
-0.198754 2.08654
-0.212753 2.24572
-0.220233 2.36753
-0.229368 2.5016
-0.179655 1.97567
-0.302426 3.37008
-0.30 3.37
-0.30 3.37
-0.324564 2.8235
-0.310132 2.78554
-0.312159 2.89168
-0.304196 2.86685
-0.288788 2.76896
-0.287454 2.80896
-0.282088 2.79319
-0.274243 2.77461
-0.273386 2.78289
-0.25609 2.64911
-0.253532 2.63145
-0.268423 2.83268
-0.310947 3.3422
-0.255018 2.80525
-0.26 2.81
-0.329594 3.76639
-0.259086 2.4623
-0.276436 2.70934
-0.277191 2.78233
-0.27705 2.83396
-0.249197 2.58875
-0.257832 2.71398
-0.250538 2.68526
-0.243355 2.61809
-0.259751 2.84632
-0.211559 2.32985
-0.231028 2.56358
-0.256 2.87077
-0.212029 2.39379
-0.209748 2.39859
-0.21 2.40
-0.21 2.40
0 0
-0.365554 3.00452
-0.33697 2.84285
-0.330115 2.87083
-0.317634 2.83417
-0.316255 2.89447
-0.278773 2.58773
-0.282686 2.69507
-0.265787 2.55917
-0.241107 2.35232
-0.262253 2.59006
-0.255052 2.5605
-0.216808 2.21412
-0.316113 3.37051
-0.32 3.37
-0.32 3.37
-0.493 5.2533
-0.343626 3.55169
-0.245831 2.48588
-0.259174 2.55731
-0.311437 3.01475
-0.281819 2.66012
-0.286676 2.67419
-0.294863 2.69678
-0.309795 2.79376
-0.326213 2.87699
-0.344319 2.99046
-0.362548 3.09142
-0.371029 3.06342
-0.387849 3.08664
-0.326234 2.51274
0 0
-0.27 2.97
-0.269455 2.97011
-0.210237 2.26305
-0.254733 2.69452
-0.254407 2.63944
-0.248198 2.54711
-0.25246 2.56875
-0.265005 2.67097
-0.269247 2.69223
-0.278904 2.72223
-0.271954 2.61606
-0.301051 2.84274
-0.296403 2.7282
-0.296193 2.64577
-0.315505 2.78289
-0.310385 2.61483
-0.40 4.43
-0.399 4.431
-0.356242 3.8839
-0.229529 2.4602
-0.305843 3.19544
-0.267468 2.76696
-0.275063 2.80907
-0.305684 3.08746
-0.301197 2.98918
-0.296605 2.90081
-0.299341 2.87122
-0.308943 2.90616
-0.316619 2.91491
-0.312779 2.82634
-0.317992 2.79318
-0.326266 2.7632
-0.17 1.90
-0.174357 1.89837
-0.240 2.581
-0.239181 2.52062
-0.216082 2.25595
-0.18183 1.85992
-0.204051 2.03305
-0.220479 2.18887
-0.236187 2.31512
-0.25915 2.49126
-0.272146 2.5933
-0.274379 2.52535
-0.288156 2.59342
-0.259854 2.28105
-0.28909 2.46815
-0.388951 3.19579
-0.25 2.65
-0.25 2.65
-0.248638 2.65245
-0.260854 2.72664
-0.328163 3.33386
-0.309378 3.13458
-0.295002 2.91435
-0.284512 2.76986
-0.281798 2.71459
-0.339583 3.20108
-0.327919 3.06524
-0.322495 2.92616
-0.308426 2.73724
-0.32997 2.86789
-0.33119 2.79806
-0.392608 3.18527
-0.17 1.27
-0.17 1.27
-0.167 1.272
-0.113237 0.86918
-0.146628 1.07886
-0.162717 1.167
-0.148303 1.05168
-0.148293 1.06239
-0.163436 1.14672
-0.136117 0.918207
-0.137736 0.908173
-0.148671 0.976124
-0.151394 0.96258
-0.161267 1.0093
-0.188252 1.17974
-0.202729 1.25937
-0.280037 3.17599
-0.28 3.18
-0.28 3.18
-0.285149 3.08395
-0.358096 3.76761
-0.310548 3.20324
-0.289803 2.95954
-0.302068 3.04527
-0.316011 3.15013
-0.328395 3.23008
-0.313797 3.01189
-0.340232 3.22671
-0.325121 3.00361
-0.331771 2.99318
-0.338058 2.96014
-0.351837 2.92393
-0.31 3.31
-0.31 3.31
-0.31 3.31
-0.313111 3.30635
-0.280255 2.8852
-0.298835 3.00536
-0.266358 2.65371
-0.311695 3.05086
-0.29481 2.81065
-0.259802 2.43247
-0.290914 2.6559
-0.301365 2.70827
-0.293368 2.57806
-0.304257 2.60829
-0.323039 2.69329
-0.357953 2.86868
0 0
0 0
-0.29 3.31
-0.294668 3.30728
-0.28416 3.14687
-0.310965 3.41108
-0.293359 3.19077
-0.321028 3.44329
-0.320196 3.40248
-0.344771 3.61686
-0.362764 3.75796
-0.361848 3.66999
-0.355662 3.55014
-0.374773 3.64809
-0.386599 3.68917
-0.373473 3.45313
0 0
-0.23 2.68
-0.232143 2.68422
-0.190523 2.10413
-0.324572 3.49152
-0.208499 2.23926
-0.256015 2.71904
-0.2547 2.62385
-0.244793 2.48927
-0.247265 2.47068
-0.273738 2.69158
-0.306641 2.96385
-0.314639 2.96246
-0.330449 3.0566
-0.338551 3.05519
-0.346778 3.042
0 0
-0.27 2.89
-0.27 2.89
-0.265279 2.88594
-0.235433 2.50646
-0.324124 3.37858
-0.325429 3.35466
-0.345094 3.47798
-0.295739 2.95212
-0.324705 3.19803
-0.352409 3.44767
-0.358854 3.4231
-0.342705 3.22444
-0.342899 3.14733
-0.368534 3.29959
-0.35294 3.04639
0 0
0 0
-0.19 1.97
-0.19 1.97
-0.194082 1.97348
-0.220484 2.14733
-0.244685 2.33984
-0.159758 1.49225
-0.169663 1.55979
-0.243624 2.202
-0.230696 2.02889
-0.292878 2.52137
-0.29095 2.50523
-0.358294 2.9507
-0.342425 2.74433
-0.420826 3.28358
0 0
0 0
0 0
-0.26 2.67
-0.26 2.67
-0.262623 2.66982
-0.248823 2.43876
-0.170201 1.65067
-0.253367 2.45253
-0.229329 2.18525
-0.263429 2.45753
-0.253442 2.33524
-0.292221 2.6242
-0.296998 2.63144
-0.306519 2.60958
-0.363685 3.02792
0 0
0 0
0 0
0 0
-0.316972 3.47327
-0.22 2.27
-0.22 2.27
-0.22 2.27
-0.224061 2.27307
-0.209 2.093
-0.173 1.691
-0.261069 2.52487
-0.20572 1.95944
-0.192745 1.80508
-0.265657 2.44512
-0.275992 2.47104
0 0
0 0
0 0
0 0
0 0
-0.25 2.43
-0.25 2.43
-0.25 2.43
-0.25 2.43
-0.25 2.43
-0.25 2.43
-0.248504 2.43081
-0.257681 2.48646
-0.252 2.395
-0.333253 3.08834
-0.264387 2.3804
0 0
0 0
0 0
0 0
0 0
0 0
0 0
-0.251158 2.77452
-0.213625 2.38077
-0.23 2.39
-0.23 2.39
-0.23 2.39
-0.23 2.39
-0.23 2.39
-0.24892 2.40098
-0.187616 1.75398
