# generated with run 8094
0.00743761
0.00743614
0.00717702
0.00730271
0.00740679
0.00732109
0.00737042
0.00722223
0.00719659
0.00717143
0.00734297
0.00731613
0.00713596
0.00762968
0.00723955
0.00697457
0.0069994
0.00656306
0.0076201
0.00725462
0.00740041
0.00755908
0.00746888
0.00725471
0.00747854
0.0075344
0.00751249
0.0074939
0.00760401
0.00697788
0.00701551
0.00706866
0.00729704
0.00747804
0.00736476
0.00728866
0.00729653
0.00721465
0.00715022
0.00717297
0.00704962
0.00695904
0.00714489
0.0072548
0.00718185
0.00733046
0.00667622
0.00749393
0.00648442
0.00654659
0.0065934
0.00694523
0.00702762
0.00689467
0.00684021
0.00731724
0.00704271
0.00691618
0.00718359
0.00718616
0.00716976
0.00726081
0.00728053
0.00739422
0.00770139
0.00765335
0.00758371
0.00742388
0.00766142
0.00770822
0.00748995
0.00751464
0.007603
0.00750871
0.00737466
0.00725562
0.00749212
0.00731466
0.00687486
0.00786491
0.0070379
0.00740851
0.00749286
0.00752837
0.00753452
0.00741183
0.00750617
0.00729904
0.00712101
0.00710292
0.00731774
0.00741561
0.00750851
0.00779367
0.0066989
0.007
0.00659062
0.00722333
0.00759881
0.00757258
0.00737294
0.00700839
0.00752176
0.00753782
0.00764543
0.00766559
0.00763416
0.00761338
0.00749716
0.00745542
0.00685759
0.00783269
0.00740701
0.00763113
0.00723359
0.0075172
0.00735035
0.0074561
0.00762116
0.0078508
0.00766272
0.00753744
0.00773684
0.00757829
0.00773679
0.00694186
0.006828
0.007
