0 0
-0.296086 3.21166
-0.352191 3.75527
-0.331423 3.48492
-0.304237 3.14736
-0.307678 3.14135
-0.291947 2.94921
-0.363078 3.63743
-0.350478 3.478
-0.343426 3.35707
-0.343297 3.31704
-0.384464 3.66023
-0.372469 3.47437
-0.375769 3.41189
-0.378329 3.30792
0 0
-0.322431 3.50399
-0.285502 3.09029
-0.286164 3.02841
-0.327402 3.39383
-0.338611 3.4708
-0.285036 2.87347
-0.302735 3.00791
-0.317827 3.12649
-0.311345 3.02684
-0.335235 3.21284
-0.328063 3.10411
-0.346112 3.22001
-0.358628 3.26828
-0.352581 3.13585
-0.367896 3.19065
-0.358719 3.00492
0 0
-0.132591 1.53668
-0.241811 2.79078
-0.159412 1.82562
-0.177563 2.01141
-0.20102 2.27116
-0.175018 1.96426
-0.200744 2.23688
-0.235074 2.61381
-0.262796 2.88922
-0.263261 2.86795
-0.248539 2.6787
-0.28639 3.04919
-0.275894 2.91384
-0.29836 3.08976
-0.329179 3.33701
-0.11142 1.32158
-0.154849 1.80498
-0.125146 1.44741
-0.142449 1.61307
-0.16686 1.85283
-0.190005 2.10424
-0.155873 1.70567
-0.205407 2.22608
-0.197964 2.12152
-0.191772 2.02564
-0.239358 2.50313
-0.251748 2.59096
-0.258915 2.61479
-0.246773 2.45433
-0.284425 2.7658
-0.30021 2.83776
-0.240005 2.79469
-0.403096 4.5978
-0.234363 2.65552
-0.313718 3.50928
-0.277038 3.06661
-0.267601 2.92853
-0.248047 2.69762
-0.269072 2.9041
-0.26153 2.80288
-0.287474 3.03757
-0.289608 3.01791
-0.325692 3.35309
-0.313587 3.19626
-0.29802 2.9914
-0.330053 3.25788
-0.363701 3.50091
-0.263545 3.01312
-0.187484 2.07266
-0.190405 2.08721
-0.210648 2.30438
-0.2319 2.5022
-0.186951 1.99253
-0.202425 2.15071
-0.216742 2.27563
-0.180478 1.87957
-0.223718 2.31048
-0.251386 2.56869
-0.254825 2.56564
-0.274189 2.73057
-0.311287 3.06069
-0.284997 2.74793
-0.311313 2.92564
-0.263969 3.12082
-0.175916 2.05467
-0.144012 1.67019
-0.150249 1.7341
-0.144718 1.6585
-0.126459 1.4338
-0.152601 1.70623
-0.190084 2.13108
-0.216519 2.39321
-0.209954 2.30263
-0.210757 2.29141
-0.22194 2.36852
-0.243389 2.55192
-0.249488 2.59151
-0.240097 2.45211
-0.293112 2.93008
-0.177413 2.07054
-0.115346 1.34038
-0.177032 2.02123
-0.116148 1.307
-0.161384 1.81078
-0.152056 1.68487
-0.149359 1.64713
-0.200689 2.1969
-0.174595 1.89769
-0.217016 2.32743
-0.210375 2.22943
-0.194496 2.04225
-0.204128 2.10594
-0.243784 2.48469
-0.262252 2.64047
-0.278883 2.7239
-0.339548 4.01895
-0.288519 3.3539
-0.205341 2.38146
-0.207979 2.37759
-0.178677 2.02342
-0.170039 1.91603
-0.190284 2.12454
-0.209332 2.31326
-0.232613 2.54749
-0.253758 2.75202
-0.242232 2.59827
-0.24482 2.59565
-0.278904 2.90919
-0.287575 2.96305
-0.294341 2.9641
-0.329169 3.23076
0 0
-0.628701 7.27815
-0.418035 4.77765
-0.3426 3.88169
-0.338617 3.79173
-0.290004 3.23591
-0.300116 3.33776
-0.327503 3.6376
-0.335973 3.69595
-0.283073 3.08881
-0.297383 3.22851
-0.300624 3.23742
-0.328044 3.49624
-0.362686 3.82843
-0.368015 3.82804
-0.378628 3.84138
0 0
-0.265199 3.08124
-0.232612 2.67097
-0.233687 2.63541
-0.214668 2.40129
-0.190613 2.10977
-0.166033 1.83338
-0.218534 2.38817
-0.216103 2.34215
-0.236978 2.55439
-0.264616 2.83119
-0.267774 2.82626
-0.267104 2.75925
-0.262159 2.67175
-0.308888 3.09583
-0.338952 3.33567
0 0
0 0
-0.246144 2.86085
-0.102225 1.18579
-0.0853705 0.98534
-0.111043 1.27651
-0.131437 1.5048
-0.129066 1.46886
-0.0938792 1.06753
-0.113578 1.28706
-0.174881 1.96018
-0.158406 1.77772
-0.168868 1.87631
-0.195088 2.14929
-0.20774 2.25359
-0.244437 2.5846
0 0
0 0
0 0
-0.217299 2.41091
-0.284862 3.09706
-0.127198 1.36364
-0.217634 2.28405
-0.22878 2.40372
-0.24756 2.58075
-0.266446 2.74157
-0.209833 2.13298
-0.264032 2.68235
-0.270156 2.70288
-0.27242 2.67235
-0.322336 3.11368
-0.295908 2.81113
0 0
0 0
0 0
0 0
-0.40407 4.55301
-0.35201 3.88456
-0.366681 3.94982
-0.361946 3.80143
-0.337833 3.49944
-0.287249 2.92636
-0.258133 2.58383
-0.304365 2.99108
-0.262117 2.54296
-0.307295 2.90274
-0.32414 3.01168
-0.32958 2.93159
0 0
0 0
0 0
0 0
0 0
-0.199797 2.41882
-0.0440157 0.514782
-0.103012 1.188
-0.147982 1.69283
-0.149458 1.68786
-0.168348 1.86201
-0.176325 1.92071
-0.183692 1.95876
-0.195867 2.06018
-0.229474 2.3455
-0.262662 2.55384
0 0
0 0
0 0
0 0
0 0
0 0
0 0
-0.268608 2.96968
-0.164764 1.80359
-0.170484 1.82095
-0.175408 1.85141
-0.203084 2.11987
-0.219045 2.244
-0.235846 2.36992
-0.258954 2.55643
-0.260868 2.51562
-0.293549 2.69755
-0.281794 2.68547
-0.267047 2.60164
-0.249343 2.45988
-0.239217 2.40723
-0.234711 2.41191
-0.243389 2.53581
-0.240954 2.55059
-0.254326 2.73561
0 0
0 0
0 0
0 0
0 0
0 0
0 0
-0.311967 2.96844
-0.27152 2.66044
-0.248313 2.46804
-0.252073 2.57722
-0.204588 2.0932
-0.186267 1.94567
-0.162843 1.7207
-0.157378 1.68639
-0.182421 1.96823
-0.204682 2.24158
-0.101397 1.12618
0 0
0 0
0 0
0 0
0 0
-0.382234 3.01972
-0.338443 2.75371
-0.332488 2.79787
-0.289568 2.48181
-0.302305 2.64293
-0.295565 2.64598
-0.287323 2.61873
-0.283206 2.61412
-0.209855 1.9911
-0.299002 2.882
-0.223271 2.22427
-0.33364 3.40742
0 0
0 0
0 0
0 0
-0.347268 3.32101
-0.301741 2.95922
-0.268941 2.67918
-0.278014 2.79945
-0.269059 2.74942
-0.243488 2.495
-0.290854 3.01886
-0.242514 2.53659
-0.253131 2.68904
-0.25034 2.65932
-0.218239 2.34177
-0.273786 2.97576
-0.23311 2.55183
0 0
0 0
0 0
-0.321067 3.02404
-0.289836 2.79747
-0.276925 2.71776
-0.272757 2.72702
-0.236292 2.39536
-0.239458 2.4605
-0.268928 2.78578
-0.242979 2.54452
-0.220858 2.31445
-0.208062 2.20806
-0.209655 2.26134
-0.20138 2.17647
-0.268301 2.94809
-0.218566 2.43554
0 0
0 0
-0.383816 3.50878
-0.366571 3.43937
-0.342658 3.30269
-0.316893 3.09373
-0.302409 3.01487
-0.30123 3.04552
-0.273076 2.80321
-0.224503 2.31883
-0.271978 2.83768
-0.233618 2.46039
-0.284279 3.02963
-0.24694 2.67373
-0.269663 2.96754
-0.36843 4.09499
-0.0334746 0.379363
0 0
-0.32881 3.0396
-0.301132 2.87805
-0.344157 3.34282
-0.320125 3.16101
-0.300695 3.00988
-0.29169 2.97338
-0.269155 2.79466
-0.234724 2.4791
-0.203976 2.17614
-0.218564 2.35699
-0.258933 2.80848
-0.220839 2.42764
-0.169641 1.88855
-0.138467 1.55654
-0.101096 1.16323
0 0
-0.296797 2.86358
-0.317535 3.15974
-0.326513 3.28884
-0.298652 3.06648
-0.277917 2.89109
-0.337643 3.55627
-0.272552 2.90493
-0.247549 2.67186
-0.261927 2.83733
-0.256046 2.80251
-0.242507 2.66377
-0.265404 2.93535
-0.292344 3.26039
-0.24211 2.73399
-0.287388 3.26245
-0.428084 4.91852
-0.344859 2.98143
-0.304493 2.75211
-0.295127 2.75236
-0.290039 2.77167
-0.289571 2.83343
-0.277297 2.76922
-0.24613 2.5179
-0.271261 2.81425
-0.262971 2.78373
-0.213904 2.28708
-0.216465 2.33504
-0.202994 2.22728
-0.239846 2.66637
-0.183562 2.06844
-0.292069 3.37199
-0.240483 2.80085
-0.342768 3.04222
-0.31237 2.87299
-0.293052 2.76465
-0.265952 2.57339
-0.273551 2.69711
-0.268219 2.70124
-0.267365 2.75709
-0.286354 2.9924
-0.233298 2.47211
-0.265132 2.84537
-0.298776 3.24915
-0.275763 3.0361
-0.302754 3.37761
-0.290163 3.27322
-0.163057 1.85575
-0.344881 3.95135
-0.341136 2.85944
-0.308736 2.70777
-0.293722 2.66013
-0.288235 2.68631
-0.264657 2.53339
-0.249366 2.43881
-0.223972 2.26985
-0.204796 2.11853
-0.187104 1.97143
-0.160275 1.72513
-0.146755 1.6
-0.206373 2.30328
-0.123122 1.40855
-0.102376 1.19584
-0.154053 1.85199
-0.180517 2.16681
-0.34857 3.16585
-0.319664 3.02382
-0.304749 2.95242
-0.271292 2.70947
-0.254569 2.60251
-0.245526 2.57024
-0.240044 2.55586
-0.218423 2.36827
-0.214475 2.35194
-0.182573 2.0273
-0.144835 1.62766
-0.184168 2.09272
-0.177587 2.0457
-0.140061 1.63223
-0.00978566 0.115244
-0.271148 3.19548
-0.377894 3.27448
-0.372636 3.38227
-0.368508 3.44239
-0.348385 3.35142
-0.340097 3.36046
-0.317685 3.2102
-0.306379 3.1661
-0.293089 3.09256
-0.262467 2.80823
-0.264042 2.87471
-0.287358 3.16698
-0.276248 3.07799
-0.306317 3.46518
-0.207642 2.3927
-0.20389 2.3711
-0.329808 3.86535
-0.329326 2.99241
-0.321124 3.01527
-0.309436 2.97309
-0.30417 2.99885
-0.266451 2.67268
-0.244406 2.49232
-0.243243 2.52128
-0.221831 2.32779
-0.209347 2.21977
-0.200705 2.15352
-0.197758 2.13987
-0.193723 2.1166
-0.17687 1.94528
-0.0594906 0.660283
-0.167707 1.84234
-0.129261 1.46561
-0.33472 2.72561
-0.328739 2.73164
-0.310699 2.68232
-0.311034 2.77137
-0.271458 2.49652
-0.249469 2.3485
-0.213367 2.04155
-0.202904 1.98076
-0.194226 1.92859
-0.169867 1.70149
-0.149584 1.5307
-0.0906573 0.934112
-0.184429 1.90461
-0.1418 1.50592
-0.1419 10.73
-0.183931 2.01499
0 0
-0.341 3.35413
-0.347402 3.57088
-0.348352 3.68025
-0.335159 3.60126
-0.345745 3.76874
-0.333703 3.68441
-0.328886 3.67655
-0.333542 3.75501
-0.30305 3.42714
-0.29954 3.42515
-0.319239 3.68415
-0.376902 4.37127
-0.532178 6.21203
-0.283043 3.34121
-0.292774 3.50485
-0.219805 2.54854
-0.471646 5.41408
-0.255549 2.91
-0.27954 3.14116
-0.219612 2.4383
-0.230921 2.5495
-0.335523 3.68157
-0.252796 2.74671
-0.265478 2.84888
-0.273296 2.90412
-0.280775 2.93227
-0.289512 2.97037
-0.305197 3.06246
-0.326594 3.18506
-0.322246 3.00275
0 0
-0.314115 3.57821
-0.380244 4.25234
-0.225882 2.48622
-0.202019 2.21189
-0.147019 1.5805
-0.213458 2.28229
-0.208631 2.20932
-0.231927 2.41308
-0.242108 2.49635
-0.274567 2.78621
-0.263178 2.60617
-0.284926 2.76308
-0.310374 2.92907
-0.328373 3.00867
-0.33238 2.94554
-0.331956 2.85366
-0.443391 5.02884
-0.170224 1.89395
-0.176678 1.95814
-0.154213 1.68587
-0.224595 2.4162
-0.185843 1.9763
-0.21199 2.21363
-0.261106 2.69662
-0.21666 2.20409
-0.267866 2.67754
-0.270345 2.66726
-0.287585 2.75953
-0.29456 2.75209
-0.313852 2.84371
-0.325717 2.86556
-0.347683 2.95895
-0.0194679 0.223468
-0.338439 3.81502
-0.141349 1.57068
-0.292197 3.23693
-0.272834 3.00506
-0.222222 2.41829
-0.247209 2.67245
-0.241846 2.59408
-0.275247 2.9024
-0.285545 2.98942
-0.281863 2.89556
-0.309536 3.11966
-0.333324 3.28553
-0.342823 3.29956
-0.357941 3.34571
-0.377263 3.41606
-1.51238 18.1262
0 0
-0.340826 4.09675
-0.302464 3.56073
-0.189493 2.22056
-0.214731 2.50228
-0.242955 2.81968
-0.271523 3.10718
-0.253403 2.87939
-0.261567 2.91891
-0.274597 3.03331
-0.275097 2.98156
-0.292451 3.10583
-0.330977 3.45161
-0.331422 3.36458
-0.369763 3.6453
-0.252541 3.06291
-0.709165 8.47233
-0.29476 3.42971
-0.208351 2.41839
-0.247733 2.85149
-0.252159 2.88945
-0.265339 3.0089
-0.258772 2.92391
-0.260814 2.90753
-0.2887 3.19327
-0.304152 3.32382
-0.307185 3.29638
-0.358542 3.78115
-0.338951 3.50862
-0.386575 3.92217
-0.381155 3.75059
0 0
-0.11051 1.25083
-0.162356 1.83345
-0.293 3.31383
-0.307439 3.45837
-0.293464 3.26805
-0.299505 3.2949
-0.300804 3.29905
-0.258199 2.81132
-0.270571 2.92442
-0.282715 3.01687
-0.301832 3.18291
-0.330392 3.40032
-0.341402 3.44057
-0.34221 3.41034
-0.377435 3.65821
0 0
0 0
0 0
-0.165209 1.9056
-0.134053 1.53183
-0.212824 2.40855
-0.126292 1.41688
-0.161298 1.79224
-0.180551 1.98024
-0.268912 2.91655
-0.233411 2.49283
-0.280903 2.92864
-0.28894 2.9803
-0.314443 3.18395
-0.333541 3.29677
-0.347605 3.36556
0 0
0 0
0 0
0 0
-0.143077 1.59238
-0.1185 1.32127
-0.138037 1.52295
-0.119685 1.30686
-0.217959 2.36912
-0.221285 2.3775
-0.316022 3.37066
-0.250355 2.62969
-0.296019 3.05792
-0.329797 3.34686
-0.333623 3.33062
-0.350309 3.39545
0 0
0 0
0 0
-0.202713 2.30388
-0.63295 7.14997
-0.334116 3.79065
-0.359607 4.02535
-0.411902 4.56198
-0.418239 4.6492
-0.449329 4.8975
-0.481418 5.19058
-0.451086 4.81213
-0.46137 4.88403
-0.42865 4.50716
-0.447742 4.59288
-0.4547 4.56043
0 0
0 0
-0.517249 5.85013
-0.111548 1.27412
-0.333073 3.74388
-0.38507 4.29974
-0.33906 3.76102
-0.272299 3.00118
-0.346818 3.77779
-0.503964 5.3791
-0.299451 3.17086
-0.377501 3.90367
-0.399396 4.06087
-0.376631 3.74938
-0.424487 4.18386
-0.398883 3.87381
0 0
0 0
0 0
0 0
-0.266703 3.1364
-0.0161272 0.187109
-0.0706111 0.815005
-0.136023 1.55237
-0.209904 2.41075
-0.143894 1.6267
-0.374241 4.2056
-0.222704 2.45547
-0.217769 2.39968
-0.278216 3.0386
-0.321733 3.50599
-0.38906 4.10412
0 0
0 0
0 0
-2.36897 26.5894
-0.283672 3.11721
-0.0866317 0.951872
-0.359692 3.91835
-0.364423 3.9539
-0.281348 3.00608
-0.250587 2.67943
-0.3422 3.64941
-0.313332 3.37519
-0.345445 3.5879
-0.504532 5.19956
-0.293172 2.90385
-0.378608 3.64644
0 0
0 0
0 0
0 0
0 0
0 0
0 0
-0.619231 7.02751
-0.487581 5.66381
-0.454549 5.05108
-0.351947 3.93437
-0.407665 4.51434
-0.295224 3.18994
-0.463369 5.08024
-0.414374 4.45438
-0.405775 4.34681
0 0
0 0
0 0
0 0
0 0
0 0
-0.167977 1.99409
-2.04194 23.3024
-0.149896 1.69103
0 0
-0.0853985 0.941552
-0.530073 5.79093
0 0
-0.428723 4.53042
-0.360486 3.75935
-0.169685 1.7302
0 0
0 0
0 0
0 0
0 0
0 0
0 0
0 0
-0.316762 3.39826
-0.249713 2.61535
-0.269369 2.86646
0 0
-0.162032 1.65914
-0.403409 4.02346
-0.533912 5.30395
-0.253941 2.46534
-0.0773679 0.752636
-0.389294 3.73356
-0.286105 2.92349
-0.428299 4.49801
-2.44388 25.7754
0 0
-0.217133 2.36387
0 0
0 0
0 0
0 0
0 0
0 0
0 0
0 0
0 0
-0.298321 2.8394
-0.372031 3.64842
-0.511406 5.17917
-0.330386 3.3045
-0.351715 3.58762
-0.192824 1.98105
-0.261011 2.84273
0 0
-0.308321 3.28893
-0.392755 4.38163
0 0
0 0
0 0
0 0
0 0
0 0
-0.375754 3.77119
-0.370711 3.80066
-0.334955 3.57046
-0.33047 3.44041
-0.422529 4.42531
-0.328909 3.42839
-0.258703 2.71258
-0.0422031 0.448758
-0.25245 2.59745
-0.373892 4.00033
0 0
0 0
0 0
0 0
0 0
0 0
-0.304028 2.98065
-0.323152 3.29972
-0.357344 3.57573
-0.309561 3.24606
-0.271454 2.86274
-0.362989 3.95792
-0.248483 2.71959
-0.266973 2.9049
-0.249785 2.76683
-0.156621 1.75465
-0.169126 1.90759
0 0
0 0
0 0
0 0
0 0
-0.334079 3.36073
-0.274084 2.85421
-0.305289 3.16774
-0.318327 3.36631
-0.417202 4.47996
-0.33812 3.63105
-0.248428 2.67655
-0.329005 3.60303
-0.193702 2.14225
-0.355141 3.94257
-0.36693 4.07636
-0.261589 2.91977
-0.27623 3.17754
0 0
0 0
0 0
-0.380373 3.89107
-0.367903 3.82788
-0.310768 3.31931
-0.373836 3.98716
-0.346931 3.75414
-0.31786 3.47688
-0.195667 2.17042
-0.315823 3.51776
-0.246708 2.76813
-0.167432 1.88294
-0.262429 2.98511
-0.273616 3.12132
-1.02346 11.8045
0 0
0 0
0 0
-0.341139 3.3901
-0.328518 3.31905
-0.333957 3.43405
-0.289238 3.01298
-0.311694 3.2787
-0.273523 2.91044
-0.193351 2.07914
-0.285122 3.09096
-0.131236 1.41826
-0.419315 4.65434
-0.235569 2.56754
-0.202855 2.2699
-0.349617 3.94002
-0.186911 2.13676
0 0
0 0
-0.377702 3.79114
-0.354597 3.62478
-0.353345 3.68542
-0.338372 3.57316
-0.314448 3.36212
-0.387129 4.18306
-0.245444 2.67675
-0.230542 2.54905
-0.11936 1.33703
-0.187018 2.10438
-0.142892 1.60987
-0.238885 2.7254
-0.0801285 0.917467
-0.207793 2.38644
0 0
-0.473112 5.50168
-0.34015 3.19703
-0.321816 3.10024
-0.344526 3.38698
-0.320237 3.21987
-0.27531 2.77839
-0.336555 3.48014
-0.296584 3.06405
-0.302191 3.19358
-0.227271 2.39471
-0.355229 3.78821
-0.345805 3.66801
-0.457098 5.00904
-0.403949 4.44304
-0.292792 3.26192
-0.503452 5.59604
-0.698867 7.9006
-0.324591 3.18248
-0.29855 2.99835
-0.285463 2.91967
-0.253499 2.63344
-0.331794 3.50217
-0.238507 2.5413
-0.32626 3.50346
-0.203687 2.20916
-0.1431 1.56155
-0.241345 2.65618
-0.205044 2.25691
-0.220201 2.43204
-0.524323 5.91768
-0.415748 4.72543
-0.132323 1.50166
-0.31554 3.61023
-0.314466 3.06944
-0.284699 2.87466
-0.270276 2.77022
-0.277477 2.89183
-0.262555 2.80595
-0.231333 2.48916
-0.208684 2.26629
-0.221732 2.43633
-0.168806 1.867
-0.220843 2.45416
-0.208874 2.34101
-0.162207 1.82929
-0.18078 2.0796
-0.211251 2.44661
-0.0694181 0.814053
-0.1367 1.63356
-0.32911 3.14561
-0.307446 3.02634
-0.29397 2.95598
-0.283443 2.91188
-0.254527 2.64149
-0.278034 2.92002
-0.229353 2.45744
-0.229275 2.48634
-0.186698 2.03987
-0.174083 1.92975
-0.186559 2.07907
-0.180841 2.03444
-0.163248 1.85936
-0.0532707 0.61703
-0.00722819 0.0840622
-0.136658 1.60635
-0.225009 2.1834
-0.201735 2.01758
-0.178915 1.83408
-0.154293 1.61148
-0.13176 1.40402
-0.1289 1.38457
-0.0876154 0.954197
-0.0778756 0.86036
-0.0673392 0.753847
-0.0509144 0.577155
-0.0701147 0.796745
-0.143481 1.64891
-0.0455525 0.520223
-0.027753 0.321783
-0.100382 1.181
-0.100382 1.15959
-0.344521 3.16626
-0.3301 3.11614
-0.312618 3.0132
-0.301064 2.94195
-0.298649 2.96735
-0.281935 2.83353
-0.27374 2.76917
-0.25029 2.55163
-0.254523 2.62352
-0.250354 2.60077
-0.250297 2.63328
-0.251176 2.66017
-0.191883 2.0659
-0.24222 2.65299
-0.265161 2.91372
-0.298426 3.3264
-0.285686 3.01096
-0.304053 3.33238
-0.291888 3.25953
-0.315211 3.57565
-0.283225 3.24763
-0.261527 3.02377
-0.239478 2.78606
-0.235107 2.74918
-0.237007 2.78237
-0.219291 2.58557
-0.199092 2.36385
-0.222885 2.65565
-0.186553 2.23241
-0.0891511 1.06706
-0.385493 4.64168
0 0
0 0
-0.364593 3.4888
-0.372705 3.67601
-0.371269 3.74336
-0.35759 3.65921
-0.313126 3.24514
-0.32228 3.3868
-0.323462 3.43103
-0.310458 3.32529
-0.350653 3.78161
-0.325347 3.55038
-0.380162 4.18047
-0.380525 4.23661
-0.436798 4.93072
-0.377226 4.29082
-0.328677 3.78527
0 0
-0.260576 2.61949
-0.24232 2.47321
-0.111549 1.16237
-0.337465 3.54898
-0.202227 2.17101
-0.199834 2.16333
-0.123712 1.35644
-0.197491 2.22641
0 0
0 0
0 0
0 0
0 0
0 0
0 0
-0.416615 4.0661
-0.274481 2.7168
-0.268993 2.78979
-0.285528 3.00113
-0.266319 2.83014
-0.251208 2.70651
-0.2134 2.30145
-0.206559 2.27674
-0.194922 2.17707
-0.159241 1.80269
-0.295816 3.4139
0 0
0 0
0 0
0 0
0 0
-0.29414 2.89882
-0.282681 2.83812
-0.273507 2.83902
-0.26941 2.82268
-0.277517 2.91114
-0.221643 2.37462
-0.228422 2.44797
-0.213962 2.31674
-0.148884 1.6329
-0.190174 2.09801
-0.141788 1.57275
-0.335667 3.77994
0 0
0 0
0 0
0 0
-0.309679 2.94567
-0.29805 2.90314
-0.262804 2.64755
-0.255986 2.6168
-0.245068 2.54275
-0.21413 2.23337
-0.235672 2.47793
-0.223223 2.39021
-0.197847 2.13262
-0.174955 1.90274
-0.1941 2.12883
-0.171805 1.90909
-0.237477 2.68926
0 0
0 0
0 0
-0.355231 3.08067
-0.322912 2.88966
-0.298763 2.73843
-0.259477 2.41166
-0.285076 2.71428
-0.2126 2.06488
-0.214246 2.1113
-0.191587 1.9232
-0.178041 1.81079
-0.189095 1.97147
-0.178078 1.87002
-0.203181 2.17734
-0.12541 1.37303
-0.27475 3.11655
0 0
0 0
-0.326055 3.0932
-0.320014 3.14911
-0.302925 3.04844
-0.325574 3.31975
-0.277991 2.88466
-0.237207 2.47958
-0.250722 2.67154
-0.260778 2.79355
-0.239747 2.60198
-0.222574 2.4296
-0.184042 2.04458
-0.181332 2.00957
-0.267289 3.0156
-0.241081 2.78554
-0.16233 1.89245
0 0
-0.398721 3.77704
-0.351818 3.43142
-0.338645 3.38244
-0.342276 3.49622
-0.294472 3.05468
-0.306026 3.23147
-0.280605 3.00449
-0.292445 3.16975
-0.33063 3.63729
-0.277878 3.08977
-0.275152 3.09447
-0.294999 3.35404
-0.301447 3.48131
-0.284608 3.34145
-0.365759 4.36105
0 0
-0.3386 3.08123
-0.325627 3.0616
-0.270214 2.61755
-0.284265 2.81627
-0.267504 2.71109
-0.245472 2.51723
-0.25548 2.6658
-0.301715 3.18752
-0.279436 2.98368
-0.232814 2.51588
-0.202948 2.21192
-0.248819 2.74127
-0.206538 2.30706
-0.168996 1.91371
-0.217038 2.50473
-0.308997 3.67699
-0.305206 2.79678
-0.309067 2.92617
-0.281868 2.73654
-0.227707 2.25775
-0.236971 2.40019
-0.212422 2.19056
-0.238464 2.49076
-0.190167 2.01169
-0.191415 2.04914
-0.193339 2.08322
-0.192652 2.10769
-0.196401 2.1584
-0.137227 1.5236
-0.159293 1.79543
-0.197781 2.27539
-0.186678 2.17311
-0.328421 3.0227
-0.294157 2.79983
-0.286924 2.77527
-0.267395 2.63055
-0.268314 2.6866
-0.302047 3.07956
-0.25789 2.66642
-0.223301 2.35759
-0.215754 2.28094
-0.203352 2.18847
-0.110451 1.19382
-0.17614 1.92944
-0.246915 2.74378
-0.239522 2.7215
-0.231529 2.66686
-0.317146 3.71241
-0.307487 2.91914
-0.286278 2.8013
-0.275016 2.75338
-0.261837 2.6623
-0.290027 3.01807
-0.284196 3.00219
-0.28706 3.06742
-0.277933 3.01269
-0.239342 2.62549
-0.261595 2.88888
-0.214381 2.39303
-0.244577 2.75386
-0.292239 3.34475
-0.271624 3.14161
-0.212652 2.50299
-0.104338 1.24241
-0.203028 1.94483
-0.181795 1.83364
-0.172347 1.79876
-0.153544 1.64854
-0.14024 1.55236
-0.142645 1.63491
-0.136989 1.60261
-0.120896 1.44982
-0.109046 1.33542
-0.110142 1.3722
-0.0650594 0.830853
-0.109626 1.41173
-0.0927414 1.222
-0.0957422 1.28869
-0.0683861 0.955052
-0.0524659 0.751656
-0.357469 3.15957
-0.333032 3.02844
-0.317024 2.96028
-0.31373 2.98924
-0.305036 2.95405
-0.302332 2.96985
-0.279321 2.77914
-0.254392 2.56759
-0.263217 2.69707
-0.251645 2.60266
-0.253357 2.67202
-0.248465 2.63877
-0.254681 2.75753
-0.258958 2.84165
-0.180472 2.01248
-0.250427 2.84557
-0.3534 3.19897
-0.332674 3.10918
-0.316518 3.04668
-0.28215 2.77279
-0.28777 2.88892
-0.27711 2.81552
-0.287811 2.95031
-0.262746 2.73669
-0.246517 2.59545
-0.220184 2.34115
-0.242827 2.59601
-0.243785 2.64424
-0.268962 2.96145
-0.246161 2.71922
-0.228464 2.56145
-0.225405 2.57367
-0.33231 2.78678
-0.331729 2.90867
-0.329834 2.99942
-0.303292 2.84238
-0.295368 2.82782
-0.281711 2.75388
-0.26132 2.60991
-0.263606 2.66667
-0.22855 2.33647
-0.220971 2.30393
-0.265935 2.79747
-0.237716 2.53482
-0.190263 2.05883
-0.295168 3.25707
-0.221272 2.47289
-0.28503 3.27309
0 0
-0.132477 2.28811
-0.172162 3.05612
-0.171601 3.09988
-0.174547 3.19075
-0.168341 3.10981
-0.170865 3.18812
-0.167207 3.14422
-0.1277 2.41839
-0.135717 2.59052
-0.110113 2.11494
-0.135484 2.6279
-0.131785 2.57486
0 0
0 0
0 0
-0.20638 2.34695
-0.233476 2.61908
-0.23104 2.56355
-0.210433 2.31205
-0.23428 2.54391
-0.221485 2.39263
-0.215917 2.31963
-0.240257 2.53516
-0.246235 2.57404
-0.260376 2.70431
-0.279476 2.85921
-0.271287 2.71912
-0.299377 2.93521
-0.312258 2.98876
-0.305197 2.82115
0 0
-0.377843 4.36316
-0.183765 2.09431
-0.195611 2.18613
-0.181718 1.99334
-0.221972 2.41018
-0.196097 2.11456
-0.206443 2.19703
-0.214649 2.26653
-0.253382 2.65083
-0.240212 2.46407
-0.250323 2.53719
-0.271747 2.7066
-0.27559 2.6968
-0.29761 2.83671
-0.311783 2.87603
-0.26498 2.37033
-0.461104 5.27165
-0.375691 4.21464
-0.372848 4.1495
-0.271436 2.98139
-0.313237 3.38807
-0.292644 3.13584
-0.261697 2.78171
-0.297514 3.12712
-0.322811 3.37992
-0.318015 3.28068
-0.301373 3.06931
-0.303248 3.04921
-0.326892 3.25207
-0.323043 3.13053
-0.349544 3.30127
-0.362831 3.33175
-0.0848819 1.00781
-0.241387 2.84305
-0.19499 2.26718
-0.190849 2.19392
-0.199803 2.26766
-0.187811 2.11572
-0.194649 2.1659
-0.21352 2.37107
-0.240168 2.63287
-0.262609 2.83858
-0.262203 2.8083
-0.256838 2.72097
-0.272036 2.83026
-0.288751 2.92577
-0.297933 2.9334
-0.324035 3.09306
-0.178068 2.07294
-0.230368 2.63225
-0.133895 1.50071
-0.16146 1.78305
-0.202858 2.20923
-0.219015 2.34538
-0.206367 2.19602
-0.231498 2.44222
-0.234739 2.43018
-0.239105 2.44543
-0.254385 2.56834
-0.261296 2.57205
-0.290149 2.81341
-0.309924 2.94362
-0.310837 2.8665
-0.339326 3.016
-0.245871 2.95078
-0.229177 2.74
-0.0969574 1.15729
-0.251841 2.99498
-0.118113 1.40332
-0.149368 1.76854
-0.175949 2.07577
-0.154012 1.81469
-0.188169 2.20569
-0.162762 1.90065
-0.177281 2.0512
-0.191635 2.19174
-0.235647 2.66172
-0.235803 2.63285
-0.233412 2.55888
-0.285228 3.04778
-0.242958 2.88501
-0.263825 3.11151
-0.0786001 0.929405
-0.136071 1.60375
-0.077591 0.908347
-0.0423121 0.492723
-0.106453 1.24271
-0.147919 1.71185
-0.104269 1.20728
-0.124337 1.42164
-0.15317 1.73342
-0.176873 1.98635
-0.212291 2.34245
-0.214526 2.32476
-0.244718 2.59977
-0.247546 2.51677
-0.45231 5.49119
-0.356755 4.2771
-0.301264 3.59813
-0.381053 4.50223
-0.302866 3.55879
-0.233894 2.73326
-0.23646 2.74551
-0.29308 3.38818
-0.262974 3.01499
-0.253539 2.89213
-0.274162 3.08759
-0.287321 3.20845
-0.315462 3.46916
-0.335208 3.64539
-0.339986 3.63016
-0.334101 3.47141
-0.0943217 1.11393
0 0
-0.0395083 0.471954
-0.0827327 0.980986
-0.0629038 0.741263
-0.134703 1.5725
-0.0564417 0.652281
-0.149062 1.72968
-0.125033 1.43452
-0.0999955 1.13025
-0.151628 1.69464
-0.151838 1.67279
-0.184179 1.98778
-0.183525 1.94513
-0.222731 2.2999
-0.286494 2.8386
0 0
-0.270937 3.15604
-0.0782882 0.909474
-0.185849 2.13397
-0.0803483 0.912203
0 0
-0.124781 1.40308
-0.143577 1.61448
-0.110813 1.22842
-0.126828 1.3964
-0.171935 1.87981
-0.18968 2.04311
-0.204149 2.17236
-0.215653 2.25761
-0.276534 2.8463
-0.277738 2.76562
0 0
0 0
-0.200086 2.33466
0 0
-0.10848 1.23277
-0.134873 1.52593
-0.159091 1.77373
-0.134516 1.49608
-0.199617 2.19844
-0.197242 2.15907
-0.23627 2.57498
-0.202853 2.16202
-0.238095 2.51246
-0.327983 3.39859
-0.311552 3.15342
-0.325416 3.20178
0 0
0 0
-0.127141 1.35191
-0.0626777 0.63681
-0.234982 2.29255
-0.21031 2.03946
-0.1966 1.87831
-0.262564 2.44433
-0.240391 2.20025
-0.236563 2.14991
-0.261513 2.32376
-0.35666 3.07959
-0.298931 2.5504
-0.29489 2.42954
-0.326788 2.62372
-0.368933 2.85703
0 0
0 0
0 0
-0.0991215 1.16048
-0.199549 2.31809
-0.1534 1.78764
-0.137379 1.57724
0 0
-0.15648 1.76609
-0.156259 1.74753
-0.205139 2.26842
-0.297991 3.2675
-0.236962 2.53499
-0.240532 2.5561
-0.291202 3.03395
-0.275365 2.76277
0 0
0 0
0 0
0 0
-0.35136 4.01385
-0.280807 3.18041
-0.305825 3.44361
-0.254677 2.83224
-0.275168 2.99379
-0.224395 2.45828
-0.22627 2.44124
-0.326515 3.47278
-0.260654 2.74298
-0.317468 3.27155
-0.328056 3.27247
-0.340789 3.34896
0 0
0 0
0 0
0 0
0 0
-0.382856 4.40888
-0.352336 4.00371
-0.245348 2.72975
-0.254552 2.84077
-0.368426 4.03938
-0.353688 3.79986
-0.241029 2.56949
-0.354548 3.6962
-0.356174 3.64205
-0.337656 3.40585
-0.31333 3.06944
0 0
0 0
0 0
0 0
0 0
0 0
0 0
-0.0198239 0.230024
-0.0684018 0.779111
-0.13166 1.45264
-0.0750924 0.83055
-0.0906702 0.976572
-0.157273 1.67057
-0.120167 1.22499
-0.199325 1.99514
-0.338271 3.20958
-0.231122 2.36398
-0.203081 2.114
-0.137529 1.46357
-0.159195 1.72208
-0.0113711 0.126577
-0.597812 6.65907
0 0
-0.0501621 0.567764
0 0
0 0
0 0
0 0
0 0
0 0
0 0
0 0
-0.239903 2.46251
-0.2475 2.64577
-0.122601 1.31843
-0.107818 1.1966
-0.0749041 0.831514
0 0
-0.0347528 0.394701
-0.377161 4.38901
0 0
-0.283466 3.26856
0 0
0 0
0 0
0 0
0 0
0 0
-0.401887 4.08871
-0.302825 3.1624
-0.311021 3.30025
-0.383452 4.16628
-0.370561 4.07263
-0.158666 1.75455
-0.0622532 0.700914
-0.335586 3.82827
0 0
-0.0474136 0.54189
-0.235283 2.74901
-0.232862 5.81277
0 0
0 0
0 0
0 0
-0.456015 4.47276
-0.312619 3.13756
-0.350558 3.53889
-0.286539 2.96919
-0.242059 2.51407
-0.329278 3.5047
-0.346225 3.72741
-0.314413 3.41772
-0.316382 3.46448
-0.43106 4.75296
-0.578142 6.46033
-0.334565 3.71005
-0.481801 5.51678
0 0
0 0
0 0
-0.361939 3.40572
-0.33215 3.20483
-0.287144 2.83376
-0.322415 3.2326
-0.325361 3.32064
-0.328799 3.40432
-0.306354 3.20286
-0.385569 4.06326
-0.229119 2.49538
-0.31927 3.45606
-0.436634 4.81602
-0.361382 4.05736
-0.202899 2.28639
0 0
0 0
0 0
-0.372139 3.5253
-0.352915 3.38957
-0.34252 3.36657
-0.362443 3.62534
-0.314887 3.20917
-0.264066 2.74258
-0.337512 3.53562
-0.281453 2.98813
-0.366997 3.95226
-0.290189 3.12739
-0.250446 2.75103
-0.398126 4.38046
-0.227888 2.59893
0 0
0 0
0 0
-0.34889 2.86065
-0.313068 2.68243
-0.319235 2.805
-0.307382 2.77451
-0.347608 3.17557
-0.257857 2.38486
-0.261802 2.44503
-0.267274 2.5916
-0.237095 2.3314
-0.311826 3.1178
-0.124414 1.2636
-0.193873 2.00945
-0.210296 2.14462
0 0
0 0
0 0
-0.362989 2.92311
-0.327305 2.76934
-0.345014 2.96531
-0.3076 2.70452
-0.292661 2.632
-0.296611 2.70261
-0.29088 2.73331
-0.209998 2.00001
-0.215645 2.05519
-0.259837 2.57827
-0.140301 1.36628
-0.25112 2.52957
-0.356293 3.72792
-0.619569 6.62892
0 0
0 0
-0.259252 2.57112
-0.25464 2.62447
-0.240151 2.5336
-0.204792 2.20251
-0.265656 2.90111
-0.208707 2.31377
-0.16902 1.91014
-0.156753 1.80141
-0.0908439 1.05114
-0.215535 2.52005
-0.128411 1.52315
-0.033517 0.399842
0 0
-0.162685 2.02955
0 0
0 0
-0.31735 3.1475
-0.313762 3.20573
-0.269188 2.79921
-0.250924 2.65471
-0.277878 2.9815
-0.274115 2.98397
-0.281202 3.08515
-0.254417 2.85609
-0.209598 2.37239
-0.380011 4.33749
-0.232108 2.66932
-0.20751 2.41785
-0.144966 1.68674
-0.835909 9.86502
0 0
-0.257523 3.13976
-0.330261 3.27107
-0.309283 3.15322
-0.298909 3.11307
-0.300752 3.19449
-0.270035 2.92075
-0.268256 2.94093
-0.271119 3.00113
-0.248631 2.80063
-0.209885 2.36975
-0.211903 2.42455
-0.216515 2.49071
-0.230386 2.68593
-0.354236 4.14968
-0.0997533 1.1851
0 0
-0.0824622 1.00567
-0.389014 3.52413
-0.377295 3.50859
-0.360523 3.42995
-0.357856 3.46688
-0.346662 3.41968
-0.340506 3.4026
-0.325847 3.31012
-0.333581 3.44519
-0.368181 3.86539
-0.3563 3.74906
-0.324134 3.4635
-0.333903 3.5892
-0.418213 4.63807
-0.403109 4.53501
0 0
-0.624079 7.34346
-0.344338 3.19889
-0.325457 3.09919
-0.320031 3.12306
-0.315717 3.1276
-0.308486 3.10934
-0.2857 2.92215
-0.293731 3.05541
-0.321091 3.38044
-0.229268 2.44094
-0.271434 2.9077
-0.234189 2.52215
-0.404328 4.45375
-0.121248 1.34206
-0.403317 4.47563
0 0
-0.779037 9.01663
-0.36173 3.44441
-0.355035 3.47085
-0.34254 3.41371
-0.349523 3.54352
-0.357616 3.68558
-0.356254 3.72246
-0.360391 3.81165
-0.349453 3.72557
-0.372137 4.00951
-0.394182 4.27128
-0.353962 3.87488
-0.389845 4.31682
-0.393794 4.36689
-0.356569 3.98836
-0.529505 6.04556
-0.561528 6.48821
-0.292027 2.61841
-0.326363 3.04952
-0.33169 3.18377
-0.341944 3.36305
-0.353888 3.53728
-0.362764 3.69692
-0.338025 3.4781
-0.314979 3.28325
-0.385572 4.08525
-0.356861 3.80677
-0.336819 3.61506
-0.442546 4.86172
-0.30964 3.40804
-0.426637 4.80071
-0.278324 3.13786
-0.443685 5.10774
0 0
-0.343669 2.77882
-0.348944 2.93195
-0.365202 3.19543
-0.367227 3.29553
-0.326601 2.99606
-0.364714 3.39843
-0.310659 2.93659
-0.376527 3.61907
-0.343948 3.36607
-0.347518 3.41863
-0.316086 3.17118
-0.398278 4.05431
-0.34517 3.60003
-0.35917 3.91481
-0.483624 5.42683
-0.874416 9.84287
-0.255806 2.8187
-0.473434 5.15816
-0.210196 2.23407
-0.369801 3.78999
-0.354484 3.61553
-0.342503 3.42673
-0.352639 3.50212
-0.318002 3.10892
-0.353488 3.39652
-0.346242 3.27454
-0.36437 3.37306
-0.366178 3.31171
-0.373684 3.28475
-0.331665 2.84991
0 0
-0.0194253 0.226099
-0.470108 5.37811
-0.152809 1.7326
-0.296551 3.3303
-0.18217 2.04288
-0.275453 3.04559
-0.282087 3.10007
-0.235158 2.56789
-0.247534 2.70002
-0.240758 2.59508
-0.263741 2.81951
-0.26577 2.78746
-0.283082 2.92652
-0.292723 2.96139
-0.292497 2.90064
-0.342762 3.2919
0 0
-0.426742 5.06065
-0.399879 4.76499
-0.476325 5.48228
-0.373697 4.27177
-0.410032 4.63549
-0.365234 4.09123
-0.262847 2.92469
-0.340949 3.77586
-0.326505 3.57464
-0.315116 3.40256
-0.32534 3.47399
-0.324699 3.41811
-0.35291 3.65715
-0.318167 3.23831
-0.345136 3.42609
0 0
-0.305597 3.57656
-0.242475 2.776
-0.0951926 1.08513
-0.147588 1.65379
-0.156785 1.75203
-0.190708 2.10854
-0.114051 1.2523
-0.199699 2.16817
-0.244614 2.62974
-0.266211 2.81646
-0.26048 2.70992
-0.268281 2.7532
-0.294455 2.9741
-0.30005 2.96935
-0.301161 2.90043
-0.750333 8.74354
0 0
-0.536594 6.0876
-0.337775 3.86334
-0.291391 3.26674
-0.30583 3.34279
-0.23209 2.52867
-0.274019 2.94722
-0.287259 3.07306
-0.307373 3.25908
-0.263471 2.74534
-0.308138 3.15894
-0.310186 3.14929
-0.320874 3.2062
-0.332217 3.25726
-0.341969 3.25821
0 0
-0.286179 2.57673
-0.282909 2.6587
-0.372531 3.36319
-0.431589 3.76372
-0.451908 3.87013
-0.264383 2.25559
-0.234735 1.92459
-0.272318 2.20415
-0.251575 2.02393
-0.259758 2.04684
-0.300752 2.33414
-0.28255 2.1224
-0.306619 2.24834
-0.317971 2.27217
-0.345405 2.34195
-0.178637 2.10597
-0.465732 5.45339
-0.58326 6.8222
-0.507824 5.90904
-0.423785 4.82671
-0.389718 4.3717
-0.320637 3.56678
-0.393642 4.35946
-0.35301 3.85865
-0.300274 3.25004
-0.325469 3.47616
-0.383807 4.06411
-0.334113 3.46115
-0.334034 3.41414
-0.330078 3.30929
-0.357141 3.50001
0 0
0 0
-0.208824 2.37361
-0.330261 3.71685
-0.312339 3.45406
-0.3409 3.74878
-0.361688 3.92092
-0.303636 3.27003
-0.372077 3.97713
-0.299385 3.13655
-0.359321 3.70694
-0.338814 3.45418
-0.299797 2.99342
-0.312396 3.07732
-0.314624 3.03518
-0.341345 3.21596
0 0
-0.178671 2.18932
-0.150883 1.82387
-0.496939 6.0062
-0.391397 4.68054
-0.312047 3.67804
-0.544734 6.40249
-0.404593 4.69575
-0.453457 5.2971
-0.431535 4.95365
-0.412022 4.69577
-0.359984 4.03561
-0.396446 4.39189
-0.391109 4.28854
-0.393302 4.23845
-0.408443 4.33196
0 0
-0.661877 8.07855
-0.412924 4.93912
-0.104813 1.23656
-0.000892553 0.0104478
-0.204677 2.36079
-0.265413 3.05672
-0.237237 2.68657
-0.269588 3.03442
-0.174724 1.94131
-0.243625 2.68378
-0.269407 2.91142
-0.257977 2.74948
-0.268956 2.82541
-0.319044 3.26704
-0.337207 3.35484
0 0
0 0
-4.25262 49.833
-0.618022 7.04298
-0.280539 3.19454
-0.481409 5.43497
-0.443056 4.97226
-0.251161 2.76723
-0.359106 3.90595
-0.318343 3.47253
-0.318962 3.42363
-0.327199 3.45006
-0.363945 3.8238
-0.36302 3.72398
-0.41896 4.25618
-0.362475 3.55322
0 0
0 0
0 0
-0.519101 5.71657
-0.237832 2.5299
-0.216973 2.34897
-0.25301 2.67808
-0.228276 2.37724
-0.209717 2.14645
-0.284618 2.87554
-0.270955 2.72957
-0.295808 2.96869
-0.352624 3.39692
-0.306751 2.93484
-0.283982 2.63479
-0.332163 2.98307
0 0
0 0
0 0
0 0
-0.237702 2.61828
-0.282709 3.11703
-0.290012 3.19
-0.278266 3.0227
-0.304777 3.23422
-0.278345 2.99142
-0.282012 2.91587
-0.356855 3.64325
-0.318608 3.2278
-0.393581 3.86173
-0.34003 3.29317
-0.309299 2.9004
0 0
0 0
0 0
0 0
0 0
0 0
-0.048519 0.530546
-0.42964 4.55158
-0.0787258 0.79478
-0.353893 3.74524
-0.47871 5.05748
-0.301491 3.14246
-0.220274 2.29359
-0.178131 1.7945
-0.377444 3.71356
-0.383268 3.64209
0 0
0 0
0 0
0 0
0 0
0 0
0 0
0 0
0 0
-0.141792 1.53654
-0.237237 2.51585
-0.207726 2.17526
-0.304068 3.12405
-0.326037 3.26287
-0.321402 3.16608
-0.282597 2.70598
0 0
0 0
0 0
0 0
0 0
0 0
0 0
-0.381847 4.38837
-0.0491404 0.562964
-0.0338639 0.380436
-0.116295 1.23367
-0.123207 1.31706
-0.143097 1.51387
-0.0875703 0.915485
0 0
-0.278084 2.75173
