# generated with run 8010
-0.209071 2.15142
-0.18165 1.77762
-0.303982 2.9223
-0.29821 2.84781
-0.269415 2.49013
-0.321006 2.91704
-0.300047 2.71897
-0.321359 2.83385
-0.3356 2.93038
-0.359995 3.07743
-0.354933 2.95792
-0.373205 3.06008
-0.400887 3.21787
-0.36818 2.86102
-0.343374 2.55037
0 0
-0.48974 4.86369
-0.342997 3.25134
-0.362282 3.37685
-0.313441 2.83362
-0.402855 3.58432
-0.425579 3.64345
-0.335755 2.79
-0.399915 3.25937
-0.367344 2.98254
-0.381561 3.01808
-0.386957 3.0014
-0.403988 3.0257
-0.401553 2.93025
-0.327293 2.27944
-0.290375 1.92021
-0.270348 1.76281
-0.412077 4.38804
-0.290561 3.00704
-0.279054 2.83492
-0.306477 3.04238
-0.346906 3.38378
-0.321958 3.10411
-0.37091 3.49238
-0.344664 3.24524
-0.341706 3.14108
-0.323356 2.93647
-0.358399 3.19214
-0.330446 2.88033
-0.3351 2.85898
-0.341318 2.83589
-0.399479 3.25474
-0.36241 2.8771
-0.159182 1.72189
-0.215325 2.19088
-0.223016 2.21125
-0.22591 2.18764
-0.27244 2.57225
-0.243637 2.25966
-0.266061 2.46723
-0.259629 2.32992
-0.250967 2.21846
-0.283223 2.42851
-0.280236 2.34901
-0.369948 3.02869
-0.354808 2.85481
-0.367006 2.84216
-0.367159 2.78366
-0.372785 2.7273
-0.397033 4.17116
-0.396416 3.99042
-0.351541 3.46233
-0.324507 3.13394
-0.391391 3.69563
-0.365535 3.38191
-0.327681 2.98149
-0.360311 3.22411
-0.359281 3.1747
-0.342136 2.94876
-0.376233 3.19518
-0.447057 3.68458
-0.45409 3.66601
-0.410139 3.26538
-0.433609 3.30941
-0.443198 3.27162
-0.499688 5.10404
-0.404283 3.97065
-0.346393 3.34371
-0.298764 2.80232
-0.350842 3.22013
-0.315975 2.88804
-0.307902 2.73644
-0.311019 2.75495
-0.300054 2.60002
-0.312703 2.65878
-0.327593 2.71362
-0.380348 3.08578
-0.407612 3.24078
-0.370792 2.86043
-0.411765 3.09147
-0.415818 3.0128
-0.136462 1.47862
-0.343519 3.57199
-0.304463 3.08616
-0.264378 2.61755
-0.336632 3.27623
-0.217419 2.06072
-0.267469 2.48218
-0.255328 2.32542
-0.294186 2.62669
-0.308008 2.7039
-0.316204 2.74828
-0.32776 2.72687
-0.3714 3.04786
-0.390052 3.12383
-0.354294 2.78928
-0.386592 2.89455
-0.236337 2.50076
-0.281598 2.89581
-0.263452 2.64649
-0.200707 1.99719
-0.222664 2.14332
-0.255481 2.40246
-0.250891 2.34091
-0.259039 2.3937
-0.290881 2.62859
-0.248807 2.22506
-0.255871 2.23772
-0.275726 2.36023
-0.263651 2.22808
-0.351994 2.87958
-0.380966 3.03679
-0.412847 3.15508
-0.135779 1.50639
-0.323772 3.49447
-0.242325 2.56199
-0.274723 2.81788
-0.290857 2.94897
-0.292947 2.92316
-0.298674 2.92643
-0.289136 2.76941
-0.285391 2.69189
-0.288395 2.6816
-0.285021 2.58203
-0.247175 2.19825
-0.246952 2.14359
-0.257385 2.17309
-0.297505 2.45003
-0.370226 2.87276
0 0
-0.534881 5.90376
-0.388919 4.13044
-0.330588 3.45306
-0.360074 3.72387
-0.306101 3.12612
-0.368935 3.72681
-0.344116 3.42493
-0.388468 3.8502
-0.376836 3.68139
-0.330591 3.18975
-0.339945 3.23852
-0.315195 2.95672
-0.350828 3.21434
-0.336984 3.01819
-0.37809 3.25812
0 0
-0.437395 4.71458
-0.410241 4.2609
-0.380147 3.83498
-0.365214 3.58873
-0.342797 3.32821
-0.327871 3.15277
-0.318119 3.00653
-0.327277 3.03314
-0.264978 2.42064
-0.344696 3.09768
-0.324106 2.85701
-0.325342 2.79373
-0.372851 3.08536
-0.366912 2.97427
-0.366919 2.89657
0 0
0 0
-0.245138 2.66735
-0.275189 2.92288
-0.217141 2.23765
-0.227759 2.30119
-0.244658 2.44633
-0.304152 3.01447
-0.254323 2.48383
-0.237984 2.28124
-0.257009 2.43784
-0.284842 2.65189
-0.298596 2.71465
-0.248105 2.18002
-0.267798 2.31557
-0.338675 2.85082
0 0
0 0
0 0
-0.376669 3.82587
-0.287821 2.79029
-0.227955 2.17293
-0.271435 2.57007
-0.255069 2.34887
-0.309756 2.81917
-0.341363 3.06881
-0.21816 1.94701
-0.332542 2.91185
-0.321822 2.73244
-0.333231 2.80643
-0.323793 2.6615
-0.368762 2.95645
0 0
0 0
0 0
0 0
-0.387398 4.2638
-0.340704 3.60524
-0.309546 3.16466
-0.237274 2.37136
-0.377814 3.66519
-0.351484 3.35187
-0.267774 2.49907
-0.329788 3.01554
-0.284926 2.54413
-0.280391 2.47613
-0.230325 1.96043
-0.3157 2.57725
0 0
0 0
0 0
0 0
0 0
-0.083843 0.942333
-0.322904 3.50859
-0.257932 2.68663
-0.189698 1.95211
-0.229131 2.32765
-0.271614 2.65668
-0.217325 2.08807
-0.221334 2.06928
-0.242104 2.24546
-0.300258 2.70753
-0.256961 2.16598
0 0
0 0
0 0
0 0
0 0
0 0
0 0
-0.391906 4.16863
-0.149742 1.52374
-0.147557 1.4832
-0.15748 1.53912
-0.174773 1.70336
-0.164513 1.55656
0 0
0 0
0 0
-0.190685 1.72687
-0.372231 3.27898
-0.319863 2.93704
-0.285401 2.66945
-0.278216 2.64123
-0.331892 3.21141
-0.201438 2.01163
-0.27363 2.77268
-0.378016 3.96062
0 0
0 0
0 0
0 0
0 0
0 0
0 0
-0.336209 2.87149
-0.270887 2.37724
-0.315055 2.82369
-0.193095 1.76467
-0.249835 2.31874
-0.298989 2.84312
-0.249493 2.40116
-0.260792 2.52567
-0.254101 2.52555
-0.464416 4.7276
-0.358068 3.76108
0 0
0 0
0 0
0 0
0 0
-0.367356 2.52141
-0.349057 2.49687
-0.409177 2.94661
-0.409431 3.01923
-0.381538 2.85156
-0.338641 2.58494
-0.384036 3.00999
-0.361959 2.93752
-0.33603 2.82529
-0.28144 2.37391
-0.292347 2.61977
-0.396582 3.65415
0 0
0 0
0 0
0 0
-0.358784 3.00022
-0.322769 2.78356
-0.323862 2.84233
-0.307779 2.77304
-0.296756 2.71408
-0.296075 2.73233
-0.301221 2.83939
-0.284144 2.70331
-0.263233 2.54114
-0.230714 2.24869
-0.21131 2.08929
-0.149875 1.51391
-0.379017 3.95479
0 0
0 0
0 0
-0.367557 2.85473
-0.380731 2.99823
-0.393777 3.18075
-0.353849 2.94402
-0.44683 3.73901
-0.333732 2.86293
-0.275859 2.4077
-0.304551 2.73423
-0.271678 2.442
-0.278585 2.55084
-0.261928 2.44561
-0.281792 2.69985
-0.292732 2.863
-0.437069 4.44623
0 0
0 0
-0.378841 2.68195
-0.386658 2.8932
-0.375486 2.94475
-0.366738 2.93207
-0.387356 3.17272
-0.347929 2.92075
-0.338602 2.92776
-0.360444 3.20068
-0.317273 2.85595
-0.303316 2.79915
-0.288275 2.68532
-0.326931 3.11253
-0.38262 3.72862
-0.382548 3.8414
-0.576673 6.01371
0 0
-0.33133 2.3061
-0.384208 2.83715
-0.375323 2.88342
-0.378954 2.95951
-0.347969 2.83576
-0.358542 3.01854
-0.345731 2.97545
-0.372251 3.25188
-0.336855 3.0341
-0.309211 2.83039
-0.348611 3.27647
-0.391512 3.72974
-0.354253 3.4443
-0.315502 3.15765
-0.3137 3.26251
0 0
-0.393156 3.10193
-0.310765 2.57221
-0.301568 2.57183
-0.307697 2.69701
-0.321946 2.87997
-0.272317 2.48974
-0.308948 2.90394
-0.312647 2.97516
-0.30448 2.93887
-0.319072 3.14333
-0.263953 2.61338
-0.311459 3.14082
-0.340551 3.4962
-0.369579 3.86719
-0.331144 3.54973
-0.26901 2.96586
-0.41616 2.7884
-0.383764 2.68932
-0.395306 2.93965
-0.428143 3.26481
-0.400877 3.19521
-0.326523 2.66107
-0.323702 2.72465
-0.330612 2.87575
-0.291876 2.60873
-0.295834 2.6888
-0.293446 2.75242
-0.317701 3.02102
-0.273527 2.66316
-0.249775 2.48739
-0.240414 2.49302
-0.46645 4.99887
-0.404865 2.76285
-0.421053 3.03489
-0.436174 3.27474
-0.439531 3.40727
-0.415687 3.34132
-0.380888 3.18148
-0.339478 2.91332
-0.325461 2.8794
-0.327613 2.95631
-0.333902 3.07994
-0.266711 2.50529
-0.309164 2.99558
-0.298745 2.94113
-0.291398 2.93792
-0.30091 3.16161
-0.522445 5.71911
-0.361119 2.27625
-0.360076 2.34704
-0.38629 2.64071
-0.371964 2.62686
-0.321349 2.36336
-0.379106 2.87075
-0.391572 3.13012
-0.295153 2.43521
-0.272757 2.34551
-0.292848 2.55712
-0.287902 2.58172
-0.28189 2.60282
-0.229451 2.1914
-0.287875 2.80761
-0.273373 2.77294
-0.329749 3.50114
-0.392431 2.7024
-0.380411 2.78359
-0.419912 3.19925
-0.411813 3.25209
-0.422983 3.46648
-0.337138 2.8624
-0.325362 2.83934
-0.306824 2.75732
-0.305368 2.81008
-0.315351 2.94904
-0.281543 2.69217
-0.27782 2.69682
-0.286792 2.86075
-0.266695 2.71237
-0.221154 2.29489
-0.173767 1.87808
-0.346844 2.19656
-0.37598 2.52338
-0.381755 2.70917
-0.365516 2.70139
-0.406882 3.12228
-0.426927 3.41838
-0.379426 3.1757
-0.350379 3.02191
-0.332141 2.95589
-0.329834 3.00383
-0.366791 3.44607
-0.38502 3.67824
-0.360453 3.52918
-0.321407 3.20631
-0.284115 2.92259
-0.303274 3.21783
-0.375288 2.65727
-0.378422 2.8126
-0.376838 2.9176
-0.426246 3.39072
-0.433083 3.53682
-0.364298 3.0355
-0.333051 2.83435
-0.34529 3.01517
-0.336779 2.99102
-0.328735 2.95591
-0.294997 2.70287
-0.303773 2.86197
-0.309716 2.99241
-0.288549 2.81607
-0.277616 2.75068
-0.295365 3.0499
-0.342345 2.5492
-0.330873 2.51175
-0.352846 2.75443
-0.311589 2.55878
-0.291204 2.40483
-0.269446 2.31381
-0.243986 2.14371
-0.239046 2.15971
-0.219146 2.00612
-0.218909 2.04739
-0.173668 1.62771
-0.189335 1.79153
-0.159269 1.54764
-0.201061 1.98211
-0.188861 1.88468
-0.186735 1.92805
0 0
-0.313901 2.47877
-0.293703 2.40699
-0.328982 2.88139
-0.310474 2.77831
-0.317444 2.90351
-0.314732 2.94494
-0.344505 3.28246
-0.317357 3.07802
-0.304639 2.98825
-0.338644 3.37411
-0.340284 3.44347
-0.342319 3.53528
-0.361693 3.79319
-0.343574 3.67844
-0.452924 5.0185
0 0
-0.268418 2.71817
-0.320932 3.19425
-0.316465 3.08571
-0.347701 3.3124
-0.338876 3.17645
-0.316515 2.92011
-0.329037 3.01584
-0.350354 3.13217
-0.341205 3.00287
-0.351461 3.01135
-0.349751 2.90793
-0.376658 3.04753
-0.362139 2.80905
-0.382068 2.74591
0 0
0 0
-0.273972 2.68877
-0.305313 2.92117
-0.28841 2.68573
-0.323471 2.97077
-0.305421 2.70508
-0.318516 2.77786
-0.31781 2.68297
-0.329042 2.78458
-0.397312 3.23566
-0.40981 3.24487
-0.40335 3.09281
-0.362563 2.6741
-0.37908 2.63064
-0.312461 2.04264
-0.321066 2.06035
0 0
-0.234232 2.33603
-0.289382 2.81506
-0.311987 2.97198
-0.293278 2.71262
-0.284352 2.58952
-0.298416 2.65849
-0.3188 2.78699
-0.325779 2.78188
-0.334242 2.81983
-0.404406 3.26716
-0.395321 3.0745
-0.395239 2.97812
-0.366268 2.64047
-0.334242 2.282
-0.317132 2.05966
0 0
-0.220952 2.23863
-0.254081 2.54514
-0.285402 2.80832
-0.33134 3.23837
-0.298323 2.84478
-0.317861 2.98627
-0.333829 3.12375
-0.316495 2.89681
-0.348431 3.09901
-0.348887 3.04894
-0.341323 2.87895
-0.435891 3.54813
-0.413912 3.24009
-0.389822 2.96159
-0.366224 2.63976
0 0
-0.230674 2.4943
-0.267554 2.83714
-0.285505 2.96536
-0.312705 3.19507
-0.288509 2.87397
-0.303859 2.97529
-0.310214 2.99022
-0.321501 3.01902
-0.325608 2.98622
-0.342093 3.02775
-0.337347 2.89652
-0.394876 3.26038
-0.351474 2.82302
-0.422314 3.23473
-0.365974 2.65221
-0.19703 2.21572
-0.273505 3.00392
-0.336959 3.62708
-0.321625 3.40045
-0.334594 3.46996
-0.301577 3.08442
-0.307338 3.12486
-0.330793 3.29677
-0.336816 3.296
-0.372261 3.59649
-0.336055 3.19024
-0.35037 3.24992
-0.324873 2.9263
-0.33635 2.93508
-0.355959 3.01753
-0.36968 2.96474
-0.453235 4.87767
-0.314913 3.28831
-0.293881 3.01621
-0.301936 3.06624
-0.284733 2.83447
-0.292705 2.88954
-0.297735 2.88151
-0.305767 2.92044
-0.294254 2.7562
-0.34417 3.16709
-0.326763 2.93853
-0.340829 2.99616
-0.390044 3.34726
-0.356116 2.91621
-0.444037 3.59026
-0.449173 3.47737
-0.199762 2.17307
-0.157458 1.67262
-0.195121 1.97651
-0.296172 2.94264
-0.330058 3.24163
-0.265549 2.57666
-0.28261 2.6776
-0.239309 2.22949
-0.299243 2.75644
-0.313223 2.80916
-0.326671 2.8375
-0.321832 2.70248
-0.418896 3.39069
-0.33759 2.63934
-0.344757 2.63587
-0.41496 3.00128
-0.555325 6.10975
-0.398895 4.22808
-0.229559 2.38865
-0.244273 2.5061
-0.245297 2.4755
-0.239769 2.39261
-0.302377 2.9883
-0.279002 2.7198
-0.278206 2.69908
-0.251592 2.37682
-0.33413 3.07191
-0.312639 2.8122
-0.313249 2.78334
-0.332139 2.84354
-0.350835 2.93719
-0.378365 3.03231
0 0
-0.0253165 0.280358
-0.152213 1.65664
-0.32872 3.49323
-0.375222 3.94168
-0.388768 4.03282
-0.326583 3.35384
-0.376748 3.82614
-0.319571 3.20627
-0.366244 3.62726
-0.326927 3.19073
-0.39146 3.77434
-0.37933 3.56741
-0.354516 3.25737
-0.3603 3.24535
-0.392056 3.39243
0 0
0 0
-0.126519 1.38321
-0.192475 2.00444
-0.266317 2.75204
-0.30237 3.08338
-0.319736 3.22782
-0.335106 3.35495
-0.336997 3.30391
-0.368762 3.57812
-0.350197 3.31546
-0.360308 3.33238
-0.318523 2.87295
-0.365694 3.20752
-0.379354 3.23918
-0.39698 3.27258
0 0
0 0
0 0
-0.172389 1.84368
-0.239676 2.51092
-0.0696389 0.722444
-0.195473 2.01178
-0.26182 2.6252
-0.241989 2.39553
-0.238562 2.32119
-0.241524 2.3124
-0.278793 2.62051
-0.277505 2.51742
-0.243635 2.16907
-0.336367 2.91964
-0.346961 2.91781
0 0
0 0
0 0
-0.361469 3.893
0 0
-0.240417 2.38496
-0.127528 1.25461
-0.471968 4.54674
-0.331497 3.12267
-0.310143 2.89118
-0.0619429 0.554736
-0.41102 3.62433
-0.138491 1.19329
-0.280325 2.37051
-0.291342 2.39375
-0.363436 2.91015
0 0
0 0
0 0
0 0
-0.960278 10.8883
-0.243821 2.68741
-0.064739 0.681885
-0.528625 5.49041
-0.200828 2.09518
-0.38722 3.91995
-0.274355 2.76591
-0.361393 3.56383
-0.482968 4.66305
-0.059783 0.564556
-0.361398 3.3586
-0.13388 1.22396
0 0
0 0
0 0
0 0
0 0
0 0
-0.569021 6.45045
0 0
-1.23339 13.439
0 0
0 0
-0.669266 6.92108
0 0
-1.62738 15.7833
-0.313955 3.05297
-0.310321 2.91123
0 0
0 0
0 0
0 0
0 0
0 0
0 0
0 0
-0.190678 1.94048
-1.00068 10.2883
0 0
-0.216446 2.13373
0 0
0 0
0 0
0 0
0 0
0 0
0 0
0 0
0 0
-0.0956346 0.918299
-0.746521 7.20688
0 0
0 0
0 0
0 0
0 0
0 0
0 0
0 0
0 0
-0.760128 6.29653
0 0
-0.139229 1.22528
-0.0769461 0.711122
-0.511406 4.69177
0 0
0 0
-0.487959 4.77293
-3.89653 38.9001
0 0
0 0
0 0
0 0
0 0
0 0
0 0
-0.0356679 0.372363
-0.16737 1.80433
-0.231704 2.50156
-0.322245 3.45227
-0.129165 1.40049
-0.0717241 0.783237
0 0
-0.0300283 0.326947
0 0
-0.791431 8.84916
0 0
-0.752566 8.30684
0 0
0 0
0 0
0 0
-0.336073 2.8921
-0.296183 2.56366
-0.545814 4.93232
-0.162528 1.49778
-0.122275 1.12762
-0.335264 3.20127
-0.163747 1.58532
-0.165861 1.65579
-0.262366 2.58371
-0.166501 1.7097
-0.182662 1.9156
-0.0262579 0.278509
0 0
0 0
0 0
0 0
-0.286978 2.30777
-0.313343 2.63996
-0.299955 2.57524
-0.339105 3.01846
-0.255726 2.34378
-0.327752 3.01398
-0.237622 2.22335
-0.10627 1.0195
-0.273563 2.64721
-0.149319 1.47341
-0.289094 2.89689
-0.4135 4.1728
-0.307704 3.18401
-0.397612 4.35768
0 0
0 0
-0.345616 3.05802
-0.325776 2.95576
-0.361847 3.36891
-0.339813 3.19245
-0.271273 2.60594
-0.341795 3.34169
-0.322547 3.1735
-0.33853 3.38821
-0.364825 3.72301
-0.391058 4.04386
-0.315689 3.32536
-0.20182 2.13812
-0.386448 4.16501
-0.14634 1.62561
0 0
0 0
-0.404908 3.30347
-0.268294 2.27288
-0.33229 2.8566
-0.29117 2.5942
-0.254906 2.31026
-0.239744 2.20169
-0.239319 2.23715
-0.259611 2.46393
-0.201836 1.93761
-0.276649 2.67752
-0.251775 2.50363
-0.292032 2.92781
-0.281644 2.86827
-0.0856086 0.893124
-3.72775 39.6657
0 0
-0.364912 2.86305
-0.38486 3.12941
-0.341937 2.89566
-0.345855 2.96919
-0.330763 2.92636
-0.304144 2.73292
-0.324216 2.97186
-0.274849 2.58585
-0.294943 2.78153
-0.297095 2.85736
-0.336617 3.28386
-0.332476 3.27741
-0.189811 1.91313
-0.582289 5.93124
0 0
-1.0485 11.3436
-0.382209 2.90121
-0.348105 2.72044
-0.338218 2.73975
-0.335243 2.78964
-0.331605 2.80581
-0.291538 2.51498
-0.285427 2.51604
-0.32038 2.89146
-0.340246 3.11542
-0.307134 2.83035
-0.342252 3.20821
-0.267408 2.562
-0.261074 2.53633
-0.248172 2.43354
-0.0412834 0.417897
-1.11415 12.0641
-0.390073 3.16463
-0.314048 2.6226
-0.297273 2.57073
-0.323973 2.86812
-0.334634 2.99067
-0.288474 2.63718
-0.292512 2.7177
-0.252476 2.37435
-0.272649 2.60241
-0.278016 2.65917
-0.275215 2.70874
-0.286333 2.83538
-0.35699 3.58205
-0.306335 3.14607
0 0
-0.990019 10.7747
-0.408418 2.96006
-0.348512 2.63292
-0.359159 2.78604
-0.339134 2.72328
-0.318358 2.64222
-0.317746 2.65583
-0.307139 2.6518
-0.25859 2.24811
-0.25567 2.26087
-0.26984 2.43609
-0.251841 2.31295
-0.27741 2.58252
-0.310125 2.9602
-0.31169 3.02997
-0.265536 2.62704
-0.398552 4.11695
-0.379306 2.80611
-0.399928 3.06501
-0.428999 3.36118
-0.401928 3.25884
-0.361913 3.04318
-0.330344 2.84605
-0.311238 2.71589
-0.334788 3.00077
-0.326934 2.94638
-0.304484 2.79098
-0.283919 2.64332
-0.320383 3.03685
-0.31232 3.03372
-0.217867 2.14978
-0.0753915 0.761114
-0.581368 6.22957
-0.241004 1.80495
-0.219797 1.7418
-0.192192 1.69041
-0.235793 2.20495
-0.179254 1.73658
-0.202981 2.03998
-0.225087 2.30785
-0.215087 2.24169
-0.291827 3.11895
-0.203672 2.23328
-0.252238 2.80721
-0.24 2.73711
-0.220654 2.59766
-0.158475 1.92672
-0.14591 1.82475
-0.413244 5.28714
-0.36816 2.72737
-0.361993 2.79273
-0.391581 3.05913
-0.404102 3.25072
-0.373519 3.04461
-0.332495 2.82407
-0.340552 2.89015
-0.316706 2.72359
-0.274208 2.42165
-0.344724 3.08674
-0.293397 2.67591
-0.332325 3.0682
-0.314208 2.97123
-0.390254 3.74176
-0.437504 4.2932
-0.750677 7.6096
-0.228128 1.85118
-0.292146 2.38428
-0.318274 2.75755
-0.30977 2.72881
-0.319913 2.90633
-0.327053 3.03803
-0.3054 2.8756
-0.308464 2.94901
-0.336735 3.26061
-0.329909 3.24831
-0.328892 3.27757
-0.355038 3.60161
-0.315234 3.25158
-0.381355 4.00522
-0.352808 3.74374
-0.334105 3.69258
0 0
-0.303681 2.19609
-0.364659 2.81906
-0.361761 2.89259
-0.363547 3.00616
-0.343199 2.84475
-0.352073 3.01698
-0.359471 3.11877
-0.342471 3.05296
-0.352937 3.18973
-0.395988 3.63637
-0.421224 3.95174
-0.396994 3.83762
-0.434747 4.26224
-0.397915 4.01096
-0.536515 5.65592
-0.364297 3.28356
-0.350495 3.22562
-0.282959 2.6564
-0.445644 4.33606
-0.291272 2.8858
-0.367371 3.71996
-0.432495 4.45017
-0.353412 3.69473
-0.432319 4.60936
0 0
0 0
0 0
0 0
0 0
0 0
0 0
-0.363701 3.41264
-0.205329 1.98511
-0.252159 2.48401
-0.366808 3.71685
-0.312462 3.21764
-0.24743 2.59302
-0.292584 3.09081
-0.342547 3.70412
-0.326478 3.58934
-0.374604 4.21366
-0.557723 6.4105
0 0
0 0
0 0
0 0
0 0
-0.232379 2.0467
-0.232603 2.14277
-0.25424 2.41245
-0.264533 2.56933
-0.257085 2.53381
-0.234766 2.35356
-0.206571 2.08926
-0.229558 2.37025
-0.272936 2.79355
-0.353091 3.73508
-0.300895 3.1812
-0.384822 4.21513
0 0
0 0
0 0
0 0
-0.386445 3.00168
-0.456435 3.69157
-0.359413 2.97481
-0.256803 2.1907
-0.320289 2.8004
-0.253696 2.26932
-0.214524 1.97694
-0.241296 2.27703
-0.236759 2.2621
-0.163507 1.5756
-0.181398 1.77925
-0.22063 2.25825
-0.260032 2.74391
0 0
0 0
0 0
-0.362638 2.66192
-0.388785 2.92433
-0.344757 2.66861
-0.347577 2.76422
-0.401623 3.2549
-0.28937 2.42456
-0.299602 2.54805
-0.259481 2.2417
-0.273788 2.46007
-0.278604 2.52129
-0.262402 2.43455
-0.330936 3.19714
-0.345419 3.4673
-0.414993 4.25076
0 0
0 0
-0.304093 2.321
-0.369306 2.96967
-0.356213 2.91947
-0.315969 2.67963
-0.321407 2.85652
-0.340518 3.04375
-0.317419 2.90578
-0.282419 2.63901
-0.280549 2.69244
-0.323903 3.14516
-0.310528 3.05924
-0.283686 2.84862
-0.339656 3.5158
-0.333984 3.58899
-0.245082 2.72367
0 0
-0.369985 2.84422
-0.429905 3.45296
-0.41726 3.44629
-0.338253 2.89329
-0.294459 2.62631
-0.332354 3.02689
-0.348287 3.23092
-0.258877 2.45426
-0.304487 2.97463
-0.281966 2.77564
-0.304685 3.07029
-0.327739 3.37576
-0.316412 3.32645
-0.259651 2.79601
-0.403268 4.49353
0 0
-0.431558 2.98951
-0.389579 2.88033
-0.439736 3.37579
-0.373947 2.95262
-0.334175 2.74732
-0.318769 2.67248
-0.325477 2.78868
-0.311291 2.74378
-0.275307 2.4665
-0.251792 2.30251
-0.281347 2.61594
-0.339725 3.24378
-0.331272 3.23915
-0.370857 3.779
-0.428085 4.46684
-0.3764 4.14089
-0.396443 2.50334
-0.38882 2.61212
-0.398272 2.71843
-0.343628 2.47148
-0.362581 2.70582
-0.375338 2.87568
-0.309926 2.4597
-0.343522 2.78624
-0.255091 2.13757
-0.303397 2.59875
-0.282586 2.45476
-0.301737 2.70041
-0.239603 2.22588
-0.366337 3.46533
-0.239078 2.36026
-0.373563 3.84783
-0.372804 2.53064
-0.360559 2.57493
-0.353294 2.62559
-0.351148 2.70965
-0.362741 2.84299
-0.355883 2.86108
-0.4085 3.38137
-0.334695 2.82506
-0.264565 2.29159
-0.281915 2.49946
-0.283229 2.54011
-0.320146 2.95558
-0.31208 3.02045
-0.268371 2.64672
-0.197285 2.03177
-0.353112 3.79072
-0.302213 2.02407
-0.335082 2.39727
-0.318927 2.36075
-0.32458 2.48333
-0.328168 2.62427
-0.305945 2.53279
-0.290028 2.47681
-0.273923 2.39862
-0.27443 2.46816
-0.260469 2.38528
-0.270563 2.53707
-0.312658 3.01323
-0.290767 2.87077
-0.347002 3.5278
-0.296473 3.09015
-0.333714 3.61941
-0.285188 1.90873
-0.251114 1.69181
-0.238025 1.78076
-0.246944 1.89808
-0.258978 2.0897
-0.218421 1.83437
-0.160154 1.40699
-0.171548 1.5548
-0.116734 1.07778
-0.12042 1.16132
-0.13441 1.31684
-0.19902 2.01638
-0.180767 1.9102
-0.140431 1.57481
-0.272148 3.15935
-0.180598 2.181
-0.434689 3.47124
-0.308066 2.58934
-0.29616 2.52501
-0.320064 2.81224
-0.275707 2.4897
-0.317701 2.93482
-0.273741 2.57548
-0.239653 2.28723
-0.2494 2.40718
-0.281046 2.74957
-0.249429 2.46201
-0.273545 2.78936
-0.246453 2.53723
-0.240501 2.53298
-0.246426 2.65986
-0.215713 2.39638
-0.383508 2.65178
-0.395547 2.93171
-0.388354 2.98056
-0.408689 3.24053
-0.379452 3.07417
-0.338662 2.83507
-0.330998 2.85293
-0.313459 2.71017
-0.341767 3.00277
-0.285312 2.57902
-0.32547 2.99685
-0.321887 3.00573
-0.281763 2.69075
-0.272089 2.66479
-0.270525 2.72354
0 0
-0.328761 2.28709
-0.321325 2.35
-0.367069 2.81415
-0.343822 2.74248
-0.35755 2.91766
-0.347979 2.89053
-0.304869 2.6088
-0.285807 2.54778
-0.246824 2.22321
-0.282099 2.59343
-0.250807 2.34623
-0.329208 3.15632
-0.243948 2.40555
-0.250741 2.52186
-0.226335 2.36146
0 0
0 0
-0.160402 2.40193
-0.0872613 1.37266
-0.13 2.08344
-0.151222 2.50052
-0.148292 2.49258
-0.143477 2.45129
-0.186336 3.21154
-0.16703 2.93699
-0.165497 2.94359
-0.171633 3.09179
-0.204596 3.73753
-0.184012 3.43112
-0.13077 2.47721
-0.17543 3.3703
0 0
-0.444479 4.71491
-0.315739 3.28651
-0.390429 3.93754
-0.35558 3.52936
-0.355469 3.44601
-0.299644 2.8531
-0.339554 3.16017
-0.330162 3.02876
-0.328788 2.95405
-0.314005 2.77696
-0.335422 2.89215
-0.348218 2.95296
-0.324802 2.6647
-0.291413 2.27911
-0.24738 1.83733
0 0
-0.325893 3.50166
-0.273186 2.82695
-0.304644 3.08629
-0.320961 3.18134
-0.32134 3.11055
-0.294502 2.80011
-0.31042 2.91155
-0.30411 2.7942
-0.308032 2.78294
-0.323416 2.87596
-0.292561 2.52207
-0.316595 2.6911
-0.329384 2.67987
-0.329841 2.60088
-0.341332 2.5815
-0.315298 2.3524
-0.358233 3.70336
-0.362876 3.62867
-0.342301 3.34164
-0.380712 3.61925
-0.372622 3.43327
-0.360516 3.26124
-0.33194 2.93491
-0.366958 3.18235
-0.35316 2.97326
-0.36177 3.04297
-0.384198 3.12752
-0.376906 2.99007
-0.389629 3.01087
-0.378493 2.8222
-0.383528 2.66555
-0.302968 2.04558
-0.249589 2.74558
-0.273198 2.88246
-0.258738 2.6656
-0.320331 3.23439
-0.332748 3.27584
-0.314622 3.0562
-0.311171 2.92239
-0.246824 2.3072
-0.306606 2.8052
-0.295833 2.65233
-0.278736 2.42219
-0.331672 2.78039
-0.34832 2.83281
-0.367436 2.86099
-0.341021 2.5515
-0.335945 2.32021
-0.341253 3.47271
-0.382747 3.72308
-0.317225 3.03581
-0.372252 3.45923
-0.323515 2.90037
-0.356159 3.11016
-0.344918 2.97779
-0.32154 2.67958
-0.34931 2.88477
-0.358857 2.8718
-0.378833 2.92258
-0.384674 2.92654
-0.389088 2.85211
-0.37898 2.65159
-0.297913 1.99436
-0.320615 2.0791
-0.420408 4.54587
-0.308316 3.21514
-0.341775 3.46548
-0.293138 2.89857
-0.308261 2.98609
-0.310904 2.96766
-0.327687 3.08232
-0.359993 3.29413
-0.335689 3.04422
-0.340142 3.00084
-0.347236 3.02815
-0.353308 2.98097
-0.387227 3.14367
-0.373648 2.92133
-0.365869 2.78758
-0.361731 2.53155
-0.379814 4.3015
-0.299431 3.28867
-0.326732 3.51064
-0.314909 3.30689
-0.25642 2.63653
-0.262933 2.68302
-0.259979 2.58773
-0.321876 3.14721
-0.285779 2.76319
-0.287882 2.72854
-0.301093 2.82282
-0.304714 2.80157
-0.308396 2.7113
-0.341218 2.90247
-0.408675 3.35853
-0.365315 2.87052
-0.485044 5.47365
-0.399379 4.36244
-0.272027 2.89985
-0.311381 3.26257
-0.36627 3.77082
-0.326169 3.31843
-0.289243 2.86662
-0.31317 3.04221
-0.356069 3.40239
-0.33874 3.21582
-0.349554 3.2467
-0.344931 3.12439
-0.347746 3.07035
-0.34134 2.94038
-0.378437 3.13417
-0.396532 3.12204
-0.0884196 1.01687
-0.255822 2.85256
-0.212844 2.31763
-0.194658 2.03575
-0.205905 2.13466
-0.15941 1.62302
-0.217161 2.16502
-0.221793 2.16785
-0.241879 2.32887
-0.240519 2.30243
-0.281733 2.62056
-0.235171 2.13425
-0.271031 2.40855
-0.284838 2.41251
-0.356641 2.92936
-0.367509 2.85417
0 0
-0.235247 2.48488
-0.227896 2.31747
-0.255242 2.54321
-0.240175 2.36058
-0.232088 2.23418
-0.221509 2.08151
-0.28938 2.65674
-0.267503 2.43904
-0.292338 2.63524
-0.302893 2.68094
-0.310227 2.66022
-0.297924 2.50331
-0.355823 2.89962
-0.343605 2.73407
-0.356338 2.7234
0 0
-0.282721 3.18964
-0.38373 4.19317
-0.168857 1.77501
-0.263306 2.73695
-0.245222 2.49767
-0.285876 2.88179
-0.288352 2.86782
-0.270623 2.65535
-0.273415 2.6582
-0.325085 3.10622
-0.303848 2.84892
-0.334356 3.08083
-0.337738 3.05344
-0.333118 2.89568
-0.354389 2.95514
0 0
0 0
-0.293983 2.99581
-0.247754 2.43148
-0.32903 3.12531
-0.204585 1.88701
-0.22933 2.06127
-0.22666 2.01787
-0.229985 1.98326
-0.234065 1.96106
-0.25044 2.11709
-0.415569 3.38346
-0.383851 3.04886
-0.347662 2.69194
-0.322997 2.44074
-0.359907 2.62386
0 0
0 0
0 0
-0.250286 2.80389
-0.211957 2.32707
-0.156773 1.68635
-0.193829 2.04765
-0.198048 2.06364
-0.226296 2.35608
-0.243255 2.44799
-0.225741 2.22795
-0.262738 2.57251
-0.312842 2.94896
-0.276729 2.57318
-0.310725 2.82614
-0.309357 2.67081
0 0
0 0
0 0
0 0
-0.371614 4.12459
-0.256091 2.80264
-0.219452 2.38483
-0.196009 2.07441
-0.162995 1.71076
-0.263092 2.73289
-0.283873 2.90855
-0.267457 2.64727
-0.303857 2.9798
-0.284424 2.74115
-0.291264 2.72212
-0.265231 2.41633
0 0
0 0
0 0
0 0
0 0
-0.502717 5.30517
-0.447675 4.56385
-0.25807 2.57834
-0.229765 2.23874
-0.328105 3.13442
-0.332335 3.0893
-0.342818 3.0972
-0.350988 3.1191
-0.349793 2.97949
-0.337305 2.7611
-0.368215 2.97928
0 0
0 0
0 0
0 0
0 0
0 0
0 0
-0.181865 1.97124
-0.153027 1.59561
-0.301149 2.9646
-0.12568 1.23458
-0.155458 1.51294
-0.0723037 0.661953
-0.324852 2.92763
-0.215559 1.9085
-0.216889 1.84875
0 0
0 0
0 0
0 0
0 0
-0.101735 1.12257
-0.515454 5.41897
-0.509826 5.63915
0 0
0 0
0 0
0 0
0 0
0 0
0 0
0 0
-0.337748 3.1218
-0.251238 2.39051
-0.27077 2.65273
-0.307386 3.08879
-0.22386 2.27881
-0.229197 2.37061
-0.242008 2.57266
-0.456427 4.89905
0 0
-0.625866 6.9168
0 0
0 0
0 0
0 0
0 0
0 0
-0.297434 2.87943
-0.30166 2.98038
-0.332766 3.35961
-0.288116 2.97127
-0.284003 3.02085
-0.252678 2.6938
-0.201873 2.19866
-0.266991 2.92957
-0.350112 3.8791
-0.274916 3.10975
-0.292385 3.32652
-0.630221 7.27551
0 0
0 0
0 0
0 0
-0.313678 2.61855
-0.331764 2.8929
-0.261038 2.33891
-0.296012 2.71259
-0.271982 2.52702
-0.235645 2.24861
-0.224134 2.18182
-0.219902 2.18274
-0.221477 2.23335
-0.110702 1.12683
-0.179977 1.87048
-0.098519 1.04253
-0.756145 8.24932
0 0
0 0
0 0
-0.323261 2.67585
-0.292933 2.50444
-0.293763 2.592
-0.285299 2.58553
-0.316042 2.91401
-0.307495 2.88344
-0.265992 2.54422
-0.308114 3.01281
-0.320198 3.15005
-0.285107 2.86038
-0.181928 1.84256
-0.313017 3.23872
-0.0768951 0.811776
-0.685225 7.28831
0 0
0 0
-0.318429 2.92084
-0.279921 2.6404
-0.302206 2.93209
-0.304427 3.04178
-0.329486 3.30537
-0.296315 3.03397
-0.271181 2.83556
-0.296244 3.14528
-0.258829 2.78119
-0.276396 2.99439
-0.274991 3.04569
-0.244273 2.75732
-0.110777 1.26096
0 0
0 0
0 0
-0.345539 2.71423
-0.334492 2.7191
-0.31613 2.61315
-0.288392 2.45403
-0.264188 2.28065
-0.249635 2.21854
-0.282628 2.55089
-0.230562 2.12311
-0.23238 2.18673
-0.224161 2.13606
-0.17988 1.74932
-0.193441 1.91137
-0.0855388 0.872378
-0.34794 3.54449
-1.06626 11.5995
0 0
-0.373802 2.67697
-0.368206 2.71874
-0.371442 2.82028
-0.329011 2.54322
-0.36168 2.88636
-0.337865 2.76754
-0.280749 2.38419
-0.281762 2.45505
-0.265695 2.35046
-0.251871 2.2574
-0.233695 2.12044
-0.25497 2.40596
-0.243203 2.35754
-0.640561 6.29438
-0.22896 2.30197
-0.0217339 0.231234
-0.379223 2.78814
-0.362194 2.77566
-0.374823 2.98116
-0.323572 2.63628
-0.264485 2.23105
-0.269693 2.35587
-0.271222 2.45092
-0.259213 2.38153
-0.264327 2.4917
-0.259231 2.47264
-0.243536 2.35862
-0.176396 1.7658
-0.158954 1.6492
-0.0792174 0.830966
-0.792512 9.25553
0 0
-0.339516 2.58507
-0.297378 2.38066
-0.353041 2.92767
-0.304016 2.59913
-0.364586 3.2156
-0.304321 2.75429
-0.316722 2.94828
-0.319918 3.03383
-0.306424 2.97596
-0.303818 3.02116
-0.245399 2.46631
-0.244091 2.51552
-0.258117 2.73687
-0.153953 1.67886
-0.211471 2.33314
0 0
-0.439995 3.21281
-0.430881 3.28167
-0.438831 3.43544
-0.424401 3.48033
-0.372724 3.1542
-0.300196 2.62645
-0.326515 2.93913
-0.306756 2.80107
-0.308368 2.87213
-0.277733 2.61646
-0.271862 2.645
-0.328033 3.23317
-0.348131 3.50591
-0.249157 2.55646
0 0
0 0
-0.322984 2.10625
-0.321052 2.24938
-0.374897 2.66916
-0.379683 2.70787
-0.410787 3.12382
-0.388525 3.05318
-0.374538 3.03063
-0.351135 2.88185
-0.363257 3.03587
-0.380094 3.2837
-0.361852 3.17726
-0.405234 3.6557
-0.485208 4.45661
-0.201106 1.93235
0 0
0 0
-0.332515 2.31274
-0.35969 2.56977
-0.356796 2.66805
-0.360404 2.77365
-0.392604 3.05678
-0.400963 3.22233
-0.339954 2.81056
-0.360943 3.07125
-0.344649 3.00575
-0.339174 3.02685
-0.300984 2.76152
-0.316734 2.96703
-0.375369 3.58532
-0.211387 2.07003
-0.699721 7.03851
-0.417223 4.30795
-0.349613 2.64267
-0.355569 2.75864
-0.354914 2.88922
-0.338482 2.80067
-0.345019 2.93017
-0.346687 3.02208
-0.36934 3.29042
-0.32338 2.89825
-0.353422 3.30012
-0.371662 3.51618
-0.336285 3.21206
-0.399703 3.86699
-0.293471 2.92282
-0.477089 4.89174
-0.231205 2.41106
0 0
-0.283681 1.92491
-0.357178 2.04581
-0.348515 2.23221
-0.34164 2.48352
-0.33835 2.59693
-0.338062 2.64653
-0.344145 2.76575
-0.32064 2.6573
-0.299595 2.49905
-0.320071 2.80962
-0.294068 2.60393
-0.331758 3.01659
-0.346366 3.2528
-0.418711 4.05562
-0.164109 1.61087
0 0
0 0
-0.231432 2.20137
-0.267202 2.6048
-0.251317 2.50738
-0.24718 2.51548
-0.264522 2.73179
-0.254485 2.68184
-0.232883 2.47756
-0.252231 2.74891
-0.19896 2.19568
-0.20467 2.26623
-0.178385 2.0007
-0.228337 2.59563
-0.306165 3.49024
-0.240629 2.75014
0 0
0 0
-0.180752 1.82054
-0.363572 3.55091
-0.326415 3.13893
-0.301427 2.82758
-0.356887 3.22662
-0.378404 3.37327
-0.325296 2.8578
-0.281332 2.40514
-0.347098 2.86194
-0.329414 2.69696
-0.354914 2.86666
-0.358406 2.79157
-0.363944 2.72807
-0.33266 2.39937
0 0
0 0
-0.342031 3.52355
-0.265346 2.64629
-0.290069 2.87141
-0.216222 2.08038
-0.265248 2.51676
-0.295931 2.74547
-0.241215 2.19253
-0.277605 2.48947
-0.307021 2.69618
-0.296896 2.54161
-0.285869 2.3614
-0.3286 2.66735
-0.351213 2.7462
-0.321621 2.48384
-0.322673 2.39036
0 0
-0.309686 3.29177
-0.188384 1.93647
-0.28509 2.85211
-0.317166 3.11405
-0.299801 2.89184
-0.347681 3.30618
-0.249384 2.33233
-0.329841 3.0017
-0.300773 2.69587
-0.313039 2.73133
-0.338749 2.92216
-0.332169 2.76061
-0.357318 2.88118
-0.351121 2.75205
-0.359104 2.71886
0 0
-0.577254 6.57109
-0.201023 2.19332
-0.278266 2.99076
-0.205272 2.16568
-0.314593 3.25996
-0.186372 1.90573
-0.208764 2.10868
-0.21387 2.13878
-0.249112 2.4587
-0.249064 2.42509
-0.250072 2.37011
-0.258803 2.41481
-0.211377 1.9118
-0.261395 2.31771
-0.300297 2.55746
0 0
-0.959113 9.9733
-0.293766 2.94021
-0.202829 2.01261
-0.221729 2.13668
-0.336605 3.19993
-0.302884 2.81326
-0.280128 2.54884
-0.31873 2.85912
-0.317243 2.80661
-0.304821 2.58313
-0.309871 2.53324
-0.36861 2.9773
-0.333569 2.65841
-0.367088 2.79668
-0.355524 2.61166
-0.677267 6.8839
0 0
-0.411237 3.91293
-0.308723 2.89188
-0.322871 2.96844
-0.183757 1.66048
-0.236131 2.11017
-0.265137 2.34197
-0.312111 2.72862
-0.28308 2.44466
-0.255916 2.16683
-0.24744 2.03338
-0.289284 2.33495
-0.240195 1.87699
-0.296813 2.29233
-0.286062 2.12472
-0.623123 6.82057
-0.29423 3.1165
-0.355572 3.70271
-0.246994 2.49283
-0.366024 3.61104
-0.339536 3.26728
-0.283245 2.66515
-0.242923 2.2364
-0.301477 2.76107
-0.286022 2.54401
-0.320438 2.7689
-0.331451 2.81788
-0.344718 2.85512
-0.368705 2.94441
-0.339049 2.62244
-0.377468 2.80703
-0.493852 5.26223
-0.0581215 0.608608
-0.195711 1.97288
-0.376901 3.71996
-0.239126 2.25876
-0.297266 2.7453
-0.348385 3.1461
-0.234018 2.07363
-0.31101 2.69206
-0.31075 2.65258
-0.290664 2.36946
-0.31379 2.52217
-0.33045 2.53436
-0.360846 2.72764
-0.352872 2.55569
-0.331573 2.23813
0 0
-3.9592 44.1684
0 0
-0.129159 1.40597
-0.345138 3.67086
-0.465326 4.84485
-0.324107 3.33311
-0.370578 3.7879
-0.346601 3.44763
-0.369254 3.6138
-0.344467 3.31118
-0.328658 3.06885
-0.325623 2.98424
-0.340154 3.03873
-0.377831 3.2062
-0.469527 3.88656
0 0
-1.07341 12.12
-0.398489 4.2483
-0.322376 3.40985
-0.530369 5.41525
-0.243823 2.46326
-0.223395 2.20007
-0.329079 3.18113
-0.36613 3.4821
-0.336208 3.1554
-0.315217 2.8451
-0.329549 2.92246
-0.368466 3.17606
-0.34506 2.84748
-0.358559 2.94457
-0.383332 3.00861
0 0
0 0
-1.12189 12.2083
-0.557199 5.87742
-0.0329316 0.341097
-0.327515 3.32
-0.270268 2.68698
-0.369954 3.6537
-0.210945 2.02233
-0.362583 3.45936
-0.357483 3.34857
-0.36239 3.31741
-0.348033 3.12139
-0.360485 3.09413
-0.377052 3.1437
-0.342752 2.77006
0 0
0 0
0 0
-0.323804 3.22566
-0.193181 1.84296
-0.0999389 0.90258
-0.302689 2.7268
-0.20058 1.73734
-0.265851 2.26175
-0.314562 2.66791
-0.344684 2.82072
-0.289472 2.31753
-0.319222 2.51412
-0.339116 2.59713
-0.376545 2.78815
-0.373542 2.6434
0 0
0 0
0 0
0 0
0 0
-0.28483 2.82096
-0.218236 2.08873
-0.196354 1.83567
-0.253265 2.33335
-0.174288 1.57177
-0.212889 1.85783
-0.285834 2.50931
-0.299938 2.56302
-0.299673 2.51148
-0.335945 2.73898
-0.451283 3.50764
0 0
0 0
0 0
0 0
-0.60931 6.53912
-0.300295 3.15519
0 0
0 0
-0.169857 1.70088
-0.312343 3.05197
-0.195135 1.89416
-0.222638 2.10657
-0.211178 1.93304
-0.169469 1.52442
-0.236365 2.0556
-0.199139 1.63201
0 0
0 0
0 0
0 0
0 0
0 0
0 0
-0.379826 3.88926
-0.215108 2.18795
-0.405113 4.06875
-0.872369 8.36419
-0.222914 2.09894
-0.289382 2.72134
-0.334873 3.0684
-0.363088 3.2318
-0.362014 3.1528
0 0
0 0
0 0
0 0
0 0
0 0
0 0
-1.10433 12.5391
0 0
-0.547351 6.26761
0 0
-0.397769 4.18122
-0.532635 5.21029
-0.000242911 0.00240135
-0.60127 5.59941
-0.207278 1.86213
