0.00721777
0.00718809
0.00745115
0.0071369
0.00721521
0.00709479
0.00706727
0.00703367
0.00710396
0.0069639
0.00719352
0.00714952
0.0072196
0.00726322
0.00748174
0.00745
0.00749
0.00733992
0.0075176
0.00719872
0.00720252
0.00723024
0.00719719
0.00706194
0.00726926
0.00731556
0.00741712
0.00715794
0.00736182
0.00715738
0.00709871
0.00701404
0.00710066
0.00723745
0.00730943
0.00707996
0.00725308
0.00713116
0.00711411
0.00709481
0.00701436
0.00702991
0.00739372
0.00737842
0.00731587
0.0071
0.0074
0.0074
0.0072
0.0073
0.0069
0.00683019
0.0075861
0.00698562
0.00691616
0.00706915
0.00716529
0.00697246
0.00711868
0.00711006
0.00709752
0.00708937
0.00691971
0.00717104
0.0077
0.00769283
0.0073787
0.00753973
0.00733114
0.00736546
0.007492
0.00739972
0.0073346
0.00738997
0.00737125
0.00729014
0.00743402
0.00728105
0.0072212
0.00678262
0.00714739
0.0068935
0.00733049
0.0072494
0.00739299
0.00715801
0.00716898
0.00724112
0.00715605
0.0069895
0.00699818
0.00745531
0.00738739
0.00749436
0.00721869
0.0072
0.0071
0.00746011
0.00746149
0.00741013
0.0073725
0.00723437
0.00712855
0.00714409
0.00728198
0.00733638
0.00737543
0.00742118
0.00729218
0.00719305
0.00714479
0.00734984
0.00708162
0.00699038
0.00726573
0.00723411
0.00730463
0.00700441
0.00734023
0.00737128
0.00727005
0.00730406
0.00734193
0.00753327
0.00760908
0.0073378
0.00786324
0.0070
