#
# "Database" for RICH mirror alignments, depending on run number.
# Created by Jurgen Engelfried, June 28, 2016.
# Updated by Viacheslav Duk on 16.12.2016, 21.08.2017 (Viacheslav.Duk@cern.ch)
# Updated by Viacheslav Duk on 13.08.2018 (Viacheslav.Duk@cern.ch)
# Lines beginning with "#" are treated as comment lines (not within one run block!)
#
# Format of one run block:
#  1. line: FirstRun LastRun
#  2. line: ExtraOffsetX[Jura] ExtraOffsetY[Jura] ExtraOffsetX[Saleve] ExtraOffsetY[Saleve]
#  3. line: x positions of 24 mirrors (starting with #1)
#  4. line: y positions of 24 mirrors (starting with #1)
#              999. in alignment: mirror not aligned, take ExtraOffset.
#
# Mirror alignment constants for the whole 2015 run
# (added by EG; received from Slava on 17 October 2016)
# Note: mirror 24 was "completely misaligned"
0 3753
0.0 0.0 0.0 0.0
0.0 0.0 0.0 0.0 0.0 0.0 0.0 0.0 0.0 0.0 0.0 0.0 0.0 0.0 0.0 0.0 0.0 0.0 0.0 0.0 0.0 0.0 0.0 0.0
0.0 0.0 0.0 0.0 0.0 0.0 0.0 0.0 0.0 0.0 0.0 0.0 0.0 0.0 0.0 0.0 0.0 0.0 0.0 0.0 0.0 0.0 0.0 0.0
#
3754 4173
-6.6 -11.8 8.0 10.2
  0.13  0.00  0.04  3.20  0.04 -24.03  0.00 -17.61 -15.49  0.50  0.11  0.23  0.31  0.08  6.01 12.35 -0.68  0.00  0.00  0.29 -6.17 11.14 -24.68 7777.00
  4.48  0.00 -0.62  6.19 -0.43  0.37  0.00 -11.33 -15.86  0.03  0.76  0.36  0.07  0.64  3.68 -5.97  0.70  0.00  0.00  1.20  9.18  4.62 -70.35 7777.00
#
# Numbers from Slava's talk, 9 June 2016, first runs 2016. 1,4,15 from talk mirror_alignment_15jul16
4174 5005
21.78 -2.27 13.8 -6.0
 -5.68  0.00 -1.45  4.62  1.11 -0.19  0.00 -9.11  2.61  2.02 -2.24  0.63  0.72 -5.02  2.72 -0.84 -3.61  0.00  0.00  1.88 -2.52  6.67 -2.02  6.87
  7.87  0.00  3.63  0.77  2.00  5.37  0.00  3.41  3.00 -0.65 -3.15 -0.13 -9.94 -4.11 -3.53 -4.78 -3.56  0.00  0.00 -1.89  1.99 -2.28 23.95 17.29
#
# Numbers from Slava's doc "Results 24.06.2016", Results of iteration 3. 1,4,15 from talk mirror_alignment_15jul16
5006 5058
21.32 3.23 18.85 6.59
 -5.22  0.00 -1.35  5.08 -3.85   2.48  0.00 -14.27 -2.40 -2.99 -7.20  0.50  1.01  6.70  3.18 -0.38 -8.76  0.00  0.00  3.24 -0.29  7.03 -1.83  1.82
  2.37  0.00 20.91 -4.73 -10.57  8.74  0.00 -8.58  -9.61 -13.21 -15.36 -6.17 -14.49 15.21 -9.03 -10.28 -15.59  0.00  0.00  7.40 -4.01 -7.27 18.20  4.70
#
# 
# Numbers from Slava's doc "Results 24.06.2016", Results of iteration 4. 1,4,15 from talk mirror_alignment_15jul16
5059 5124
18.78 25.97 21.94 16.0
 -2.68  0.00  1.66  7.62  0.15 -0.33  0.00  3.92  1.23 -5.78 -10.24 -1.48 -1.94  3.44  5.72  2.17 -11.95  0.00  0.00  0.10  0.39  9.66  0.99 -0.93
-20.37  0.00 -1.02 -27.47  0.69 -0.67  0.00 -0.67 -3.39 -22.66 -25.12  1.29  2.57  5.29 -31.77 -32.97 -25.69  0.00  0.00 -1.89 -26.41 -30.36 -3.70 -3.54
#
# Numbers from Slava's doc "Results 24.06.2016", Results of iteration 5. 1,4,15 from talk mirror_alignment_15jul16
5125 5194
18.81 25.13 22.45 15.51
 -2.71  0.00  2.52  7.59 -0.79 -0.98  0.00  2.93  0.46 -2.20 -1.41 -1.14 -1.99  2.72  5.69  1.85  0.12  0.00  0.00 -0.28  3.97 -2.21  0.96 -1.44
-19.53  0.00 -2.59 -26.63 -0.37 -1.03  0.00 -0.66 -3.18 -5.29 -0.42  0.94  2.65  6.18 -30.93  3.95 -1.33  0.00  0.00 -1.68  0.11  1.13 -2.86 -3.05
#
# Numbers from Slava's doc "Results 24.06.2016", Results of iteration 6*. 1,4,15 from talk mirror_alignment_15jul16
5195 5301
20.56 19.4 20.3 10.35
 -4.46  0.00 -0.01  5.84 -0.72 -0.61  0.00  0.10  0.33 -0.08  0.20 -0.43  0.74  0.73  3.94 -0.46 -0.05  0.00  0.00 -0.05 -1.64 -1.28 -0.84 -0.76
-13.80  0.00  1.03 -20.90 -1.12  0.95  0.00  0.11  1.71  0.52  0.57  0.98 -2.04  0.41 -25.20  0.63  0.92  0.00  0.00  0.29  1.36  0.93  0.82 -0.44
#
# Numbers from Slava's doc "Results 24.06.2016", Results of iteration 7*. 1,4,15 from talk mirror_alignment_15jul16
5302 5349
19.91 19.75 19.74 9.53
 -3.81  0.00 -0.12  6.49 -0.56 -0.27  0.00 -0.25 -0.95 -0.17 -0.24  0.14 -0.56  0.83  4.59 -0.23 -0.54  0.00  0.00 -0.54 -0.92  0.03 -0.27 -0.21
-14.15  0.00 -0.80 -21.25 -1.37 -0.14  0.00  0.02  1.39  0.12  0.23  0.14  0.41 -0.24 -25.55  0.08  0.11  0.00  0.00  0.26 -0.57  0.49  0.54  1.94
#
# Numbers from Slava's doc "results_14jul16", Results of iteration 8. 1,4,15 from talk mirror_alignment_15jul16
5350 5494
19.89 19.77 19.72 9.44
 -3.79  0.00 -0.07  6.51 -0.53 -0.23  0.00 -0.22 -0.91 -0.17 -0.23  0.16 -0.55  0.85  4.61  0.31 -0.52  0.00  0.00 -0.52  0.54  0.09 -0.08 -0.14
-14.17  0.00 -0.75 -21.27 -1.33 -0.03  0.00  0.04  1.51  0.25  0.27  0.20  0.34 -0.23 -25.57 -0.05  0.19  0.00  0.00  0.39 -0.05  0.44  0.63  0.66
#
# Numbers from Slava's doc "results_14jul16", Results of iteration 9. 1,4,15 from talk mirror_alignment_15jul16
5495 5636
19.83 19.67 19.75 9.58
 -3.73  0.00 -0.10  6.57 -0.22 -0.46  0.00 -0.27 -0.54 -0.32 -0.23  0.07 -0.54  0.25  4.67  0.27 -0.68  0.00  0.00 -0.26  0.63  0.09 -0.05  0.00
-14.07  0.00 -0.91 -21.17 -0.85 -0.63  0.00 -0.07  0.30  0.05  0.14  0.02  0.56  0.45 -25.47  0.21  0.09  0.00  0.00  0.02 -0.10  0.62  0.55  0.85
#
# Global offsets from Slava's talks, iteration 10. Mirrors 1, 4, 15 were moved.
5637 5705
19.81 19.72 19.77 9.55
  2.15  0.00 -0.07 -3.06 -0.23 -0.49  0.00 -0.25 -0.62 -0.41 -0.32  0.15 -0.55  0.25  0.75  0.02 -0.65  0.00  0.00 -0.26  0.67  0.09 -0.04  0.16
  1.82  0.00 -0.92  1.23 -0.82 -0.61  0.00  0.04  0.37  0.07  0.15  0.03  0.58  0.51  6.12  0.13  0.22  0.00  0.00  0.07 -0.19  0.49  0.51  0.94
#
# Global offsets from Slava's talks, iteration 12. Mirrors 1, 3, 5 were moved.
5706 5795
19.79 19.54 19.77 9.4
 -1.23  0.00 -0.19 -0.17 -0.18 -0.51  0.00 -0.28 -0.55 -0.42 -0.30  0.04 -0.36  0.26  0.10  0.05 -0.61  0.00  0.00 -0.25 -0.59 -0.12  0.00  0.24
  0.32  0.00 -0.83  0.22 -1.19 -0.59  0.00  0.06  0.40  0.14  0.21  0.10  0.47  0.54  0.56  0.40  0.35  0.00  0.00  0.07 -0.45  0.41  0.68  1.04
#
# Global offsets from Slava's talks, iteration 13
5796 5976
20.01 20.12 20.12 9.44
 -1.09  0.00  0.00 -0.09  0.22 -0.84  0.00 -0.39 -0.80 -0.69 -0.45  0.00 -0.36  0.15  0.00  0.09 -0.80  0.00  0.00 -0.20 -0.36 -0.19 -0.31  0.22
  0.14  0.00  0.55 -0.28 -0.76 -0.98  0.00 -0.06 -0.09 -0.11  0.12 -0.36 -0.04  0.53 -0.03 -0.11  0.28  0.00  0.00 -0.07 -1.06 -0.25  0.09  0.96
#
# Global offsets from Slava's talk on 02.12.2016; mirror misalignment from Slava's talks on mirror stability (24.11.2016)  
5844 5976
20.01 20.06 20.12 9.46
 -0.70  0.00  0.06 -0.09  0.30 -0.77  0.00 -0.27 -0.70 -0.62 -0.33  0.03 -0.30  0.23  0.05  0.09 -0.73  0.00  0.00 -0.13 -0.23 -0.13 -0.28  0.59
  0.37  0.00  0.69 -0.21 -0.80 -0.97  0.00 -0.11 -0.09 -0.14  0.06 -0.29  0.03  0.49  0.04  0.04  0.24  0.00  0.00 -0.09 -0.81 -0.23  0.16  1.17
#
# Global offsets from Slava's talk on 02.12.2016; mirror misalignment from Slava's talks on mirror stability (24.11.2016)  
5977 6201
20.0 20.05 20.1 9.45
 -1.51  0.00 -0.03 -0.19  0.11 -0.97  0.00 -0.48 -0.91 -0.81 -0.54 -0.03 -0.42  0.00 -0.07 -0.20 -0.86  0.00  0.00 -0.36 -0.67 -0.34 -0.44 -0.51
 -0.18  0.00  0.32 -0.23 -1.12 -1.03  0.00 -0.10 -0.21 -0.13  0.00 -0.33 -0.17  0.37 -0.12 -0.17  0.29  0.00  0.00 -0.14 -1.17 -0.21  0.06  1.03
#
# Global offsets from Slava's talk on 02.12.2016; mirror misalignment from Slava's talks on mirror stability (24.11.2016)  
6202 6341
19.99 20.03 20.08 9.45
 -1.46  0.00  0.01 -0.15  0.27 -0.74  0.00 -0.23 -0.66 -0.64 -0.42 -0.03 -0.37  0.12 -0.08 -0.18 -0.77  0.00  0.00 -0.18 -0.80 -0.20 -0.33  0.09
  0.21  0.00  0.53 -0.27 -0.93 -1.06  0.00  0.07 -0.34 -0.21  0.02 -0.21  0.05  0.52  0.06 -0.01  0.17  0.00  0.00 -0.10 -0.91 -0.07  0.03  0.48
#
# Global offsets from Slava's talk on 02.12.2016; mirror misalignment from Slava's talks on mirror stability (24.11.2016)  
6342 6466
19.98 20.01 20.05 9.45
 -1.40  0.00  0.05 -0.08  0.34 -0.75  0.00 -0.34 -0.61 -0.63 -0.36 -0.02 -0.37  0.18  0.02 -0.09 -0.74  0.00  0.00 -0.15 -0.52 -0.13 -0.31  0.33
 -0.02  0.00  0.43 -0.11 -1.26 -1.20  0.00 -0.19 -0.24 -0.30 -0.05 -0.25 -0.01  0.43  0.02 -0.08  0.14  0.00  0.00 -0.16 -1.20 -0.09 -0.22  0.05
#
# Global offsets from Slava's talk on 02.12.2016; mirror misalignment from Slava's talks on mirror stability (24.11.2016)  
6467 6524
19.97 20.0 20.04 9.45
 -1.43  0.00  0.00 -0.03  0.32 -0.93  0.00 -0.34 -0.77 -0.72 -0.38 -0.12 -0.41  0.12 -0.01 -0.19 -0.80  0.00  0.00 -0.20 -1.01 -0.17 -0.27 -0.99
 -0.07  0.00  0.44 -0.15 -1.10 -1.14  0.00 -0.14 -0.32 -0.23  0.01 -0.19  0.06  0.53 -0.04  0.00  0.15  0.00  0.00 -0.08 -1.06  0.02 -0.04  0.28
#
# Global offsets from Slava's talk on 02.12.2016; mirror misalignment from Slava's talks on mirror stability (24.11.2016)  
6525 6669
19.97 19.99 20.03 9.45
 -1.85  0.00  0.02 -0.20  0.28 -0.82  0.00 -0.31 -0.84 -0.71 -0.43 -0.08 -0.40  0.11 -0.02 -0.07 -0.83  0.00  0.00 -0.23 -1.01 -0.23 -0.23  0.03
 -0.27  0.00  0.34 -0.02 -1.18 -1.05  0.00 -0.07 -0.26 -0.25  0.03 -0.17 -0.01  0.43 -0.05 -0.09  0.13  0.00  0.00 -0.08 -1.15 -0.06  0.00  0.64
#
# Global offsets from Slava's talk on 02.12.2016; mirror misalignment from Slava's talks on mirror stability (24.11.2016)  
6670 6707
19.96 19.98 20 9.44
 -0.64  0.00  0.03 -0.20  0.31 -0.81  0.00 -0.31 -0.68 -0.64 -0.39 -0.11 -0.41  0.14  0.03  0.03 -0.79  0.00  0.00 -0.16 -0.78 -0.20 -0.31 -0.24
 -0.12  0.00  0.39 -0.06 -1.16 -1.11  0.00  0.01 -0.27 -0.29  0.13 -0.19  0.09  0.55 -0.01 -0.13  0.04  0.00  0.00 -0.10 -1.16  0.02 -0.12  0.36
#
# Global offsets from Slava's talk on 02.12.2016; mirror misalignment from Slava's talks on mirror stability (24.11.2016)  
6708 6898
19.95 19.97 19.99 9.44
 -2.15  0.00  0.06 -0.15  0.38 -0.87  0.00 -0.28 -0.59 -0.66 -0.31 -0.06 -0.38  0.12  0.12 -0.43 -0.74  0.00  0.00 -0.15 -1.06 -0.23 -0.18  0.02
  0.12  0.00  0.27 -0.26 -1.37 -1.05  0.00 -0.16 -0.41 -0.30 -0.02 -0.22  0.01  0.42 -0.13 -0.18 -0.05  0.00  0.00 -0.14 -1.15 -0.01 -0.14  0.16
#
# Global offsets from Slava's talk on 02.12.2016; mirror misalignment from Slava's talks on mirror stability (24.11.2016)  
6899 6999
19.95 19.96 19.98 9.44
 -1.35  0.00  0.02 -0.10  0.34 -0.73  0.00 -0.36 -0.80 -0.59 -0.30 -0.10 -0.43  0.10  0.01  0.03 -0.76  0.00  0.00 -0.12 -0.88 -0.16 -0.42  0.58
  0.16  0.00  0.25 -0.03 -1.33 -1.18  0.00  0.07 -0.30 -0.36  0.16 -0.22  0.11  0.49 -0.04 -0.22 -0.13  0.00  0.00 -0.21 -1.14  0.03 -0.15 -0.54
#
# Global and single mirror offsets calculated in run 7517, see Slava's talk on 29.08.2017 
7000 7538
19.92 19.92 20.06 8.98
 -1.16  0.00  0.10 -0.05  0.25 -0.58  0.00 -0.22 -0.87 -0.71 -0.28  0.06 -0.49  0.03 -0.01  0.25 -0.84  0.00  0.00 -0.35 -1.05 -0.31 -0.69 -0.99
  0.08  0.00 -0.07  0.18 -1.70 -1.09  0.00  0.33  0.13 -0.12  0.45 -0.05  0.15  0.90 -0.26 -0.36  0.51  0.00  0.00  0.21 -1.01 -0.20  0.37  0.82
#
# Global and single mirror offsets calculated in run 7628, see Slava's talk on 29.08.2017 
7539 7818
19.86 19.89 20.04 9.15
 -0.80  0.00  0.10  0.04  0.26 -0.03  0.00 -0.05 -0.99 -0.68 -0.29 -0.15 -0.44 -0.02  0.04 -0.04 -0.72  0.00  0.00 -0.40  0.17 -0.03 -0.56 -0.82
 -0.32  0.00 -0.09  0.10 -0.65 -0.03  0.00 -0.29 -0.32 -0.60  0.03 -0.24  0.20  0.80 -0.24 -0.42  0.13  0.00  0.00 -0.30 -0.41 -0.19  0.42  1.68
#
# Global and single mirror offsets calculated in run 7819, see Slava's talk on 29.08.2017 
7819 7983
19.83 19.93 20.11 9.19
 -1.45  0.00  0.11  0.02  0.33  0.01  0.00 -0.07 -0.95 -0.59 -0.22 -0.16 -0.38 -0.03  0.13  0.21 -0.80  0.00  0.00 -0.32  0.13  0.04 -0.65 -0.44
 -0.17  0.00 -0.15  0.12 -0.66 -0.12  0.00 -0.25 -0.29 -0.74  0.06 -0.33  0.29  0.91 -0.27 -0.30 -0.07  0.00  0.00 -0.38 -0.43 -0.11  0.43  0.70
#
# Global and single mirror offsets calculated in run 7984, see Slava's talk on 29.08.2017 
7984 8094
19.79 20.02 20.08 9.27
 -0.62  0.00  0.08 -0.04  0.34  0.12  0.00 -0.13 -0.85 -0.58 -0.18 -0.15 -0.43 -0.02  0.10  0.22 -0.83  0.00  0.00 -0.30  0.15  0.09 -0.55 -0.53
 -0.36  0.00 -0.19  0.08 -0.56 -0.23  0.00 -0.27 -0.55 -0.82  0.06 -0.31  0.32  0.95 -0.31 -0.50 -0.13  0.00  0.00 -0.36 -0.53 -0.08  0.37  1.14
#
# Global and single mirror offsets calculated in run 8095, see Slava's talk on 15.11.2017 
8095 8245
19.78 19.98 20.12 9.2
 -0.56  0.00  0.07  0.05  0.33  0.21  0.00 -0.08 -0.85 -0.59 -0.22 -0.13 -0.46 -0.03  0.07  0.18 -0.88  0.00  0.00 -0.30  0.31  0.09 -0.60 -0.29
 -0.41  0.00 -0.38 -0.03 -0.73 -0.30  0.00 -0.11 -0.59 -0.80  0.07 -0.32  0.44  1.08 -0.28 -0.37 -0.08  0.00  0.00 -0.32 -0.30  0.07  0.47  1.41
#
# Global and single mirror offsets calculated in run 8246, see Slava's talk on 15.11.2017 
8246 8400
19.81 20 20.17 9.14
 -1.13  0.00  0.18 -0.06  0.34  0.07  0.00 -0.12 -0.86 -0.57 -0.20 -0.15 -0.42 -0.06  0.02  0.08 -0.87  0.00  0.00 -0.31  0.62  0.07 -0.61 -0.90
 -0.54  0.00 -0.18  0.00 -0.71 -0.23  0.00 -0.15 -0.40 -0.78  0.07 -0.22  0.33  1.06 -0.30 -0.27 -0.12  0.00  0.00 -0.28 -0.28 -0.06  0.33  0.35
#
# Global and single mirror offsets calculated in run 8644, see Slava's talk on 10.05.2018 
8401 8676
19.82 19.81 20.17 8.86
  0.03  0.00  0.15 -0.05  0.35  0.29  0.00 -0.04 -0.92 -0.54 -0.10 -0.12 -0.42 -0.04  0.15  0.16 -0.82  0.00  0.00 -0.34  0.19  0.07 -0.73 -0.06
  0.12  0.00 -0.44  0.33 -1.14 -0.40  0.00  0.00 -0.32 -0.72  0.35 -0.08  0.51  1.30 -0.23 -0.53  0.08  0.00  0.00 -0.14 -0.50  0.14 -0.04  0.81
#
# Global and single mirror offsets calculated in run 8688 (run 8677: first after mirror movement), see Slava's talk on 05.07.2018 
8677 8784
19.76 19.84 20.22 8.8
  0.29  0.00  0.22 -0.02  0.69  0.10  0.00 -0.02 -1.02 -0.71 -0.15 -0.28 -0.34 -0.13  0.21  0.20 -1.06  0.00  0.00 -0.20 -0.18  0.05 -0.70  0.13
 -0.57  0.00 -0.30  0.31 -0.35 -0.38  0.00  0.20 -0.37 -0.76  0.51 -0.32  0.54  0.22 -0.25 -0.34  0.11  0.00  0.00 -0.08 -0.69  0.20  0.05  1.26
#
# Global and single mirror offsets calculated in run 8785, see Slava's talk on 05.07.2018 
8785 99999
19.79 19.56 20.23 8.56
 -1.30  0.00  0.25 -0.08  0.73  0.08  0.00  0.04 -1.06 -0.74 -0.19 -0.23 -0.32 -0.15  0.21  0.02 -1.03  0.00  0.00 -0.22 -0.23  0.02 -0.75 -0.15
 -0.96  0.00 -0.53  0.42 -0.71 -0.33  0.00  0.31 -0.22 -0.65  0.57 -0.18  0.54  0.19 -0.08 -0.17  0.31  0.00  0.00  0.00 -0.75  0.29  0.01  1.09
#
