# Unix Timestamps of the first burst in each run
# The values are extracted from file names (26.11.2018)
# file author: Viacheslav.Duk@cern.ch
#
004215 1457513218
004219 1457539682
004221 1457700178
004222 1457964564
004226 1458126708
004252 1458818551
004259 1458834551
004263 1459241913
004270 1459324122
004271 1459336362
004272 1459339594
004278 1459352858
004280 1459353738
004281 1459354410
004296 1459530026
004297 1459760668
004299 1459783804
004300 1459784396
004301 1459840156
004302 1459850636
004303 1459870700
004311 1460019901
004325 1460119245
004327 1460127869
004334 1460282110
004335 1460307246
004336 1460310542
004337 1460366382
004338 1460383982
004342 1460390958
004343 1460465567
004347 1460550367
004360 1460644528
004365 1460984817
004371 1461142226
004397 1461578836
004408 1461602724
004409 1461611668
004410 1461619540
004415 1461663861
004416 1461665013
004434 1461770837
004435 1461774645
004436 1461791077
004447 1461861014
004448 1461861286
004449 1461862534
004450 1461863462
004454 1461918790
004456 1461941894
004501 1462209745
004502 1462259077
004503 1462261585
004506 1462275177
004508 1462277830
004511 1462281790
004512 1462284562
004513 1462285513
004518 1462299056
004519 1462301471
004520 1462302659
004521 1462310018
004522 1462316876
004523 1462347745
004524 1462348774
004525 1462348972
004528 1462363545
004529 1462363783
004530 1462375069
004531 1462375821
004532 1462378078
004533 1462378197
004534 1462379821
004536 1462382593
004537 1462383068
004538 1462383305
004540 1462384018
004545 1462386751
004546 1462386988
004547 1462394710
004548 1462395621
004549 1462396611
004550 1462398037
004551 1462399264
004552 1462400452
004553 1462400531
004557 1462402155
004558 1462402947
004559 1462410313
004560 1462412293
004562 1462434508
004563 1462436053
004564 1462442824
004565 1462444567
004566 1462446349
004567 1462448170
004568 1462449596
004569 1462452605
004571 1462458941
004574 1462466465
004575 1462468366
004576 1462469792
004578 1462483335
004580 1462485157
004583 1462502198
004584 1462516315
004585 1462518803
004588 1462521945
004589 1462522598
004590 1462523006
004591 1462523895
004592 1462525558
004598 1462533439
004601 1462536369
004602 1462537993
004603 1462538705
004604 1462540737
004605 1462542655
004615 1462559627
004616 1462561259
004617 1462567339
004618 1462567951
004620 1462568930
004622 1462569787
004623 1462570235
004624 1462571908
004625 1462573051
004626 1462581986
004628 1462601325
004631 1462608139
004632 1462608873
004633 1462609444
004634 1462619767
004635 1462621031
004636 1462622704
004637 1462623194
004638 1462628375
004639 1462636739
004640 1462641635
004641 1462642941
004642 1462643512
004644 1462644859
004645 1462645185
004646 1462645348
004647 1462645919
004648 1462646939
004649 1462647878
004651 1462657874
004652 1462660444
004653 1462661260
004654 1462662403
004655 1462665177
004656 1462677376
004664 1462704835
004665 1462705243
004666 1462706915
004667 1462708996
004668 1462710057
004670 1462711199
004671 1462717360
004672 1462718176
004674 1462723684
004675 1462728295
004676 1462731763
004677 1462732783
004678 1462735067
004680 1462738821
004681 1462739147
004682 1462741636
004683 1462741799
004686 1462744451
004687 1462746614
004688 1462746981
004689 1462753713
004690 1462754611
004691 1462754774
004692 1462755386
004693 1462756202
004694 1462761343
004700 1462779499
004701 1462782477
004705 1462792024
004706 1462794513
004707 1462801612
004708 1462817851
004709 1462819238
004710 1462824746
004711 1462830988
004712 1462839393
004713 1462839964
004714 1462841188
004715 1462846370
004717 1462850776
004718 1462873094
004721 1462875379
004724 1462876562
004725 1462879091
004726 1462882886
004727 1462889495
004728 1462890230
004729 1462894677
004733 1462899899
004735 1462903898
004736 1462905122
004737 1462913690
004738 1462914220
004739 1462917729
004740 1462918055
004741 1462949961
004754 1462980751
004755 1462982546
004757 1462991807
004761 1463003803
004763 1463025998
004764 1463033709
004765 1463039788
004766 1463041828
004770 1463066145
004772 1463069409
004773 1463071367
004774 1463072183
004780 1463079935
004781 1463081853
004782 1463082139
004783 1463082506
004784 1463083159
004785 1463083322
004786 1463084015
004790 1463084995
004791 1463086790
004792 1463089850
004793 1463091074
004794 1463125183
004795 1463131507
004796 1463132119
004797 1463134199
004798 1463137096
004799 1463137423
004800 1463138524
004801 1463150111
004802 1463152723
004803 1463158761
004804 1463158965
004805 1463161005
004806 1463164555
004807 1463170022
004809 1463179691
004810 1463215269
004811 1463220736
004812 1463222164
004813 1463222409
004814 1463222572
004815 1463228162
004819 1463238158
004820 1463244931
004821 1463246073
004822 1463246440
004823 1463247664
004824 1463248399
004825 1463251785
004826 1463258558
004827 1463262801
004828 1463269370
004829 1463270961
004830 1463276999
004831 1463277571
004832 1463292748
004833 1463301112
004834 1463313230
004835 1463314617
004836 1463315270
004837 1463315637
004838 1463315882
004839 1463317799
004840 1463322083
004841 1463323756
004842 1463325511
004843 1463328611
004844 1463329509
004845 1463330203
004846 1463333059
004847 1463337710
004848 1463337832
004849 1463353295
004850 1463356641
004851 1463365617
004852 1463366025
004853 1463385609
004854 1463393361
004857 1463424899
004858 1463432815
004859 1463437507
004860 1463468719
004861 1463477776
004862 1463482917
004863 1463487079
004864 1463490179
004865 1463494382
004866 1463497523
004867 1463497931
004868 1463506173
004869 1463522289
004870 1463525471
004871 1463532040
004872 1463553052
004873 1463555623
004880 1463565782
004881 1463570433
004885 1463579531
004886 1463580184
004891 1463593403
004893 1463598218
004894 1463600054
004895 1463600462
004899 1463607235
004900 1463607520
004901 1463607724
004902 1463607887
004903 1463608010
004904 1463608663
004905 1463608989
004907 1463612375
004908 1463618455
004909 1463618740
004910 1463618985
004911 1463621555
004912 1463626859
004913 1463647300
004914 1463650891
004915 1463653379
004916 1463653991
004917 1463656399
004919 1463659663
004920 1463659826
004921 1463660723
004922 1463661458
004923 1463662151
004931 1463670322
004932 1463674810
004933 1463677177
004934 1463677952
004935 1463678890
004936 1463679217
004937 1463679992
004938 1463681869
004939 1463691334
004940 1463692395
004955 1464019659
004956 1464020697
004957 1464027962
004958 1464032338
004959 1464071716
004960 1464074303
004961 1464074575
004962 1464076363
004963 1464079733
004964 1464080004
004965 1464080068
004966 1464080228
004967 1464080339
004968 1464084427
004969 1464094823
004970 1464095605
004971 1464095813
004972 1464096803
004973 1464097618
004974 1464099502
004975 1464101147
004976 1464106001
004984 1464171552
004985 1464179473
004988 1464183545
004997 1464275785
004998 1464277981
004999 1464289323
005000 1464300747
005001 1464301237
005002 1464302093
005003 1464302338
005004 1464302624
005005 1464303195
005006 1464303848
005007 1464334162
005009 1464339262
005010 1464339793
005011 1464342322
005012 1464343995
005013 1464345056
005014 1464345301
005015 1464345749
005016 1464352196
005017 1464353828
005018 1464357459
005019 1464361702
005020 1464362355
005021 1464363538
005022 1464369250
005023 1464369577
005024 1464376186
005025 1464379491
005027 1464382551
005028 1464383204
005029 1464388712
005030 1464389079
005031 1464389732
005032 1464390670
005033 1464393649
005034 1464424109
005035 1464432596
005041 1464455117
005042 1464457892
005043 1464458137
005044 1464469275
005045 1464478047
005046 1464483310
005047 1464516889
005048 1464537656
005049 1464540389
005052 1464554629
005053 1464554751
005054 1464589349
005055 1464591063
005056 1464593511
005057 1464607791
005058 1464613870
005059 1464619541
005061 1464638554
005064 1464709709
005065 1464729946
005072 1464740881
005073 1464741737
005074 1464747531
005075 1464757935
005079 1464777193
005080 1464778743
005081 1464783353
005082 1464793186
005089 1464809547
005090 1464810934
005093 1464858017
005097 1464863974
005099 1464878173
005101 1464887189
005102 1464901510
005104 1464905590
005105 1464905590
005106 1464907304
005107 1464913750
005108 1464915627
005110 1464927214
005111 1464947825
005112 1464950801
005113 1464952145
005114 1464955601
005115 1464956417
005116 1464959633
005118 1464962369
005119 1464974609
005120 1464975857
005122 1464976577
005123 1464977009
005124 1464977345
005125 1465025009
005126 1465077233
005127 1465120337
005129 1465124657
005130 1465127393
005131 1465134257
005132 1465164785
005133 1465173425
005134 1465200905
005153 1465377349
005154 1465377673
005155 1465378047
005166 1465399019
005170 1465421743
005171 1465428655
005172 1465453063
005173 1465462365
005174 1465468325
005180 1465480449
005181 1465483683
005185 1465557293
005186 1465563862
005192 1465836039
005193 1465840649
005194 1465842445
005195 1465888589
005196 1465893445
005197 1465893730
005198 1465897525
005199 1465912865
005200 1465914742
005201 1465918659
005202 1465920821
005203 1465922168
005204 1465928024
005205 1465930732
005206 1465939103
005207 1465941878
005208 1465942653
005209 1465944652
005219 1466019317
005220 1466025111
005222 1466029803
005223 1466067629
005224 1466077664
005225 1466087233
005226 1466090757
005228 1466094440
005229 1466095511
005230 1466098408
005231 1466106405
005234 1466113137
005235 1466115707
005236 1466158053
005237 1466172345
005238 1466174601
005239 1466178388
005240 1466184332
005241 1466198551
005242 1466206547
005243 1466208424
005244 1466222908
005245 1466223112
005246 1466264687
005247 1466275214
005248 1466284639
005249 1466291819
005250 1466292309
005251 1466338046
005252 1466365055
005253 1466369503
005254 1466373664
005255 1466374766
005256 1466413893
005257 1466415770
005258 1466416259
005259 1466418381
005260 1466418626
005261 1466423032
005262 1466425562
005263 1466434211
005264 1466434905
005265 1466452408
005266 1466453143
005267 1466454163
005268 1466455223
005269 1466455387
005270 1466457590
005273 1466520707
005277 1466538537
005278 1466539312
005279 1466541679
005280 1466545718
005281 1466547962
005282 1466550859
005283 1466559508
005287 1466603252
005290 1466607425
005291 1466607958
005292 1466609379
005293 1466609690
005294 1466609867
005295 1466615870
005296 1466618035
005297 1466618320
005298 1466618524
005299 1466618769
005300 1466633743
005301 1466634011
005302 1466634616
005303 1466677900
005305 1466695070
005306 1466695271
005307 1466695439
005310 1466700883
005311 1466701756
005313 1466704545
005314 1466710123
005315 1466710828
005316 1466711198
005317 1466711366
005318 1466711735
005319 1466712273
005320 1466712407
005321 1466713147
005322 1466713684
005323 1466715667
005324 1466715868
005325 1466716171
005326 1466716372
005327 1466716910
005328 1466720572
005329 1466723475
005330 1466754656
005331 1466755966
005333 1466759528
005334 1466769742
005338 1466804854
005339 1466805593
005340 1466805761
005341 1466806904
005342 1466806971
005343 1466807240
005344 1466807845
005345 1466808113
005346 1466808214
005347 1466808550
005348 1466809357
005349 1466811742
005350 1466838085
005351 1466847291
005352 1466855758
005353 1466860093
005354 1466872592
005355 1466877229
005356 1466882134
005357 1466887309
005358 1466914491
005359 1466930720
005360 1466932803
005361 1466934281
005362 1466935894
005363 1467017005
005364 1467019693
005365 1467021171
005366 1467024497
005367 1467043179
005368 1467046371
005369 1467053662
005370 1467057795
005371 1467063137
005372 1467065523
005373 1467066565
005374 1467103544
005375 1467114111
005376 1467124012
005377 1467128807
005378 1467129074
005379 1467134801
005380 1467135601
005381 1467135911
005382 1467147308
005383 1467148047
005384 1467149660
005385 1467149895
005387 1467159001
005388 1467174322
005395 1467220396
005398 1467224159
005399 1467224731
005400 1467244252
005401 1467246100
005402 1467248150
005407 1467275702
005408 1467279667
005409 1467283766
005410 1467283967
005411 1467285244
005412 1467287227
005413 1467296870
005415 1467302279
005416 1467313005
005417 1467330040
005418 1467354703
005419 1467358970
005420 1467361624
005422 1467373653
005423 1467387295
005424 1467389277
005425 1467389512
005426 1467390251
005429 1467406547
005430 1467409504
005431 1467411083
005432 1467412159
005433 1467414880
005434 1467416560
005435 1467421096
005436 1467423818
005437 1467425061
005438 1467436015
005439 1467454730
005440 1467468775
005441 1467477779
005442 1467478586
006192 1472763173
006193 1472799371
006194 1472804795
006195 1472805770
006196 1472808592
006197 1472813044
006198 1472813420
006199 1472814059
006200 1472832127
006201 1472840974
006202 1472844232
006203 1472906055
006204 1472906495
006205 1472907436
006206 1472907571
006207 1472923964
006208 1472926250
006210 1472930822
006211 1472933306
006212 1472991837
006213 1472993151
006214 1472994105
006215 1472994987
006216 1473011187
006217 1473028899
006218 1473057674
006219 1473070400
006220 1473086618
006221 1473113554
006222 1473155402
006223 1473170747
006224 1473178637
006225 1473181247
006226 1473183749
006231 1473289005
006232 1473292198
006233 1473294400
006234 1473329507
006235 1473344375
006236 1473378953
006237 1473387669
006238 1473495865
006239 1473497701
006240 1473502712
006241 1473503810
006243 1473524033
006245 1473527309
006246 1473528164
006247 1473590164
006248 1473598426
006249 1473600178
006250 1473603442
006251 1473608624
006252 1473617799
006255 1473756592
006256 1473765885
006257 1473797487
006258 1473797918
006259 1473804753
006261 1473843333
006262 1473848350
006263 1473855533
006264 1473859589
006274 1473948331
006275 1473952811
006276 1473961227
006277 1473965621
006278 1473978063
006280 1473994101
006282 1474003515
006283 1474004685
006284 1474012461
006285 1474013937
006287 1474019967
006288 1474022943
006289 1474031072
006290 1474039766
006291 1474051559
006292 1474089052
006293 1474117629
006294 1474121697
006295 1474124055
006296 1474126467
006297 1474128339
006298 1474129568
006299 1474130792
006300 1474132682
006301 1474152680
006302 1474153094
006303 1474163642
006304 1474176116
006305 1474189706
006306 1474199102
006307 1474200200
006309 1474212314
006310 1474216994
006318 1474221056
006319 1474244672
006320 1474263842
006321 1474282756
006322 1474310913
006323 1474339910
006324 1474343708
006325 1474364421
006326 1474367402
006327 1474381457
006328 1474387337
006329 1474392075
006330 1474422167
006331 1474431563
006333 1474481758
006334 1474493941
006336 1474498753
006337 1474500129
006338 1474500705
006339 1474542767
006340 1474554977
006341 1474558649
006342 1474562523
006343 1474600257
006344 1474618772
006345 1474622141
006346 1474632873
006348 1474692074
006349 1474699760
006350 1474717142
006351 1474725917
006352 1474727033
006353 1474749304
006354 1474757006
006355 1474767929
006356 1474810843
006361 1474872571
006362 1474877639
006363 1474882978
006364 1474896388
006365 1474899326
006366 1474931614
006367 1474932514
006368 1474933378
006369 1474978130
006370 1474988732
006371 1474991435
006374 1475048816
006375 1475059435
006378 1475084177
006382 1475091673
006383 1475092043
006384 1475092173
006385 1475092303
006386 1475092432
006387 1475095183
006388 1475096353
006389 1475096803
006390 1475097973
006391 1475099449
006392 1475100511
006393 1475101735
006394 1475106811
006395 1475109007
006397 1475112139
006398 1475112535
006399 1475113579
006400 1475114263
006401 1475128141
006402 1475131651
006403 1475132263
006405 1475175135
006406 1475175376
006407 1475175851
006408 1475176317
006409 1475176619
006411 1475177023
006413 1475177459
006414 1475177594
006415 1475181559
006416 1475182331
006417 1475182499
006418 1475183071
006419 1475184079
006420 1475196172
006421 1475219077
006422 1475221262
006425 1475238283
006426 1475239319
006427 1475245195
006428 1475245861
006429 1475249644
006430 1475249965
006431 1475250829
006433 1475296457
006434 1475300291
006435 1475311559
006436 1475317211
006437 1475320901
006439 1475344751
006444 1475354255
006446 1475355767
006447 1475355821
006448 1475356523
006449 1475356649
006450 1475356703
006451 1475356901
006452 1475360240
006453 1475360708
006455 1475391223
006456 1475393071
006462 1475397506
006463 1475400765
006464 1475401197
006465 1475405877
006466 1475410586
006467 1475412531
006468 1475471979
006470 1475485036
006471 1475488382
006472 1475495726
006473 1475495889
006474 1475511225
006475 1475514619
006476 1475516803
006477 1475518987
006478 1475527521
006479 1475568151
006480 1475570599
006483 1475590545
006485 1475657207
006487 1475688724
006488 1475694430
006490 1475698768
006491 1475699596
006492 1475701053
006493 1475701910
006494 1475706110
006495 1475708846
006496 1475709746
006497 1475741507
006498 1475749469
006499 1475762167
006500 1475762656
006501 1475768327
006502 1475825023
006503 1475828037
006505 1475855110
006507 1475856598
006509 1475871622
006510 1475879523
006511 1475887238
006512 1475907335
006513 1475912447
006514 1475913005
006515 1475925171
006516 1475925909
006517 1475931165
006518 1475932443
006519 1475933973
006520 1475935053
006522 1475941046
006523 1475942258
006524 1475950106
006525 1475980569
006526 1476086983
006527 1476114157
006528 1476136459
006530 1476176167
006532 1476178802
006533 1476181456
006535 1476200124
006537 1476202711
006538 1476207980
006543 1476295952
006544 1476347067
006545 1476347131
006546 1476347147
006547 1476348313
006549 1476362451
006550 1476362989
006551 1476365878
006552 1476369574
006559 1476380630
006560 1476386462
006561 1476387992
006562 1476390245
006563 1476393404
006565 1476407284
006566 1476415309
006567 1476416371
006568 1476428684
006569 1476436436
006570 1476437540
006571 1476438260
006572 1476439028
006573 1476442538
006574 1476445598
006575 1476446833
006576 1476449319
006577 1476450135
006579 1476454827
006580 1476467026
006581 1476467248
006582 1476476050
006583 1476515722
006584 1476545715
006585 1476553705
006586 1476555813
006587 1476564745
006588 1476601753
006589 1476604525
006590 1476630374
006591 1476639806
006596 1476649617
006597 1476673701
006599 1476704859
006600 1476712013
006601 1476738710
006604 1476805533
006605 1476806730
006606 1476807209
006608 1476901760
006609 1476904414
006610 1476915947
006611 1476936359
006612 1476944455
006613 1476954847
006614 1476982169
006615 1477025104
006617 1477039018
006618 1477044807
006619 1477050183
006620 1477054887
006621 1477061468
006622 1477062764
006623 1477115422
006624 1477126084
006625 1477149026
006626 1477168861
006627 1477174225
006628 1477181839
006629 1477182667
006630 1477192432
006631 1477193530
006632 1477193836
006633 1477226938
006634 1477231294
006635 1477232933
006636 1477236629
006637 1477247867
006638 1477262171
006639 1477268867
006641 1477272917
006642 1477324487
006643 1477326537
006644 1477335565
006645 1477337437
006646 1477338337
006647 1477373326
006648 1477378827
006649 1477409917
006650 1477410397
006651 1477427657
006652 1477440255
006653 1477444064
006654 1477444640
006655 1477474409
006656 1477475381
006657 1477508894
006658 1477509776
006659 1477519909
006660 1477521500
006661 1477533147
006662 1477542746
006663 1477550288
006664 1477552681
006666 1477567267
006667 1477585201
006668 1477586759
006669 1477630589
006670 1477635526
006671 1477729037
006672 1477731009
006673 1477736877
006674 1477769459
006675 1477772179
006676 1477773187
006677 1477776807
006678 1477777780
006680 1477818463
006681 1477823848
006682 1477833232
006683 1477842892
006684 1477886339
006685 1477894576
006686 1477904966
006687 1477905725
006688 1477906892
006690 1477909286
006691 1477912205
006692 1477914383
006693 1477931689
006694 1477937891
006696 1478022160
006697 1478022952
006698 1478023744
006699 1478024446
006700 1478025598
006701 1478028694
006702 1478030548
006703 1478031916
006704 1478037460
006706 1478042356
006707 1478050690
006708 1478051140
006712 1478113998
006713 1478128686
006714 1478129010
006715 1478129982
006716 1478130666
006717 1478131008
006718 1478131566
006719 1478132880
006720 1478140782
006721 1478141321
006722 1478145461
006723 1478146307
006724 1478150321
006725 1478152679
006726 1478156441
006727 1478159195
006738 1478177593
006756 1478193363
006757 1478194611
006758 1478196579
006759 1478200610
006760 1478201949
006761 1478208670
006773 1478332375
006774 1478333739
006775 1478336918
006776 1478354515
006777 1478356075
006778 1478357803
006779 1478361277
006780 1478366961
006781 1478368491
006782 1478369553
006784 1478372793
006785 1478379647
006786 1478396102
006788 1478405513
006789 1478429559
006790 1478433557
006791 1478438396
006792 1478465961
006793 1478504915
006794 1478535175
006795 1478540542
006796 1478599382
006797 1478606397
006806 1478680936
006810 1478718061
006812 1478719519
006813 1478726161
006814 1478728933
006815 1478782629
006817 1478789685
006818 1478790214
006820 1478795677
006821 1478799219
006822 1478803534
006823 1478804313
006824 1478805693
006825 1478811293
006826 1478817583
006828 1478836295
006829 1478852907
006830 1478855489
006831 1478856689
006832 1478856965
006833 1478859764
006834 1478860940
006835 1478861309
006836 1478862317
006837 1478864199
006838 1478868029
006839 1478869642
006840 1478878647
006841 1478879218
006842 1478879857
006843 1478882116
006844 1478883484
006845 1478884870
006846 1478885698
006847 1478886616
006848 1478887210
006849 1478897398
006850 1478897866
006851 1478898910
006852 1478899702
006853 1478899918
006855 1478901052
006857 1478902600
006861 1478906344
006862 1478907046
006863 1478909188
006864 1478909314
006865 1478911312
006867 1478913040
006868 1478914750
006869 1478917378
006870 1478919196
006871 1478921158
006873 1478942182
006874 1478946592
006875 1478948324
006876 1478948655
006877 1478948821
006878 1478949961
006879 1478953429
006880 1478956337
006881 1478963321
006882 1478964239
006883 1478966417
006884 1478968325
006885 1478969585
006886 1478969711
006887 1478970269
006892 1478976299
006894 1478979035
006895 1478983265
006896 1478983427
006897 1478983985
006898 1478987081
006899 1478991509
006900 1479023999
006901 1479039803
006903 1479054239
006904 1479059261
006905 1479063905
006907 1479081050
006908 1479082454
006912 1479090301
007157 1494864178
007158 1494864623
007162 1494869521
007166 1494872912
007169 1494876298
007170 1494882169
007171 1494882421
007172 1494886669
007173 1494899705
007174 1494904151
007183 1494939232
007195 1494958617
007196 1494959317
007198 1494989923
007199 1495001979
007200 1495006018
007201 1495008915
007204 1495017041
007205 1495017377
007208 1495021841
007209 1495022897
007214 1495037201
007216 1495039901
007217 1495045589
007218 1495045769
007219 1495051871
007221 1495085315
007223 1495087043
007239 1495128484
007241 1495141131
007244 1495155803
007245 1495176835
007253 1495210077
007255 1495211179
007258 1495214992
007259 1495236055
007260 1495236667
007261 1495237063
007263 1495292447
007270 1495301831
007274 1495307499
007275 1495307913
007276 1495308147
007277 1495314526
007278 1495317082
007279 1495320088
007280 1495360817
007281 1495362527
007283 1495365965
007284 1495372613
007285 1495379999
007286 1495384067
007289 1495387367
007290 1495391269
007291 1495391629
007292 1495403315
007293 1495403639
007294 1495403819
007295 1495403999
007296 1495405889
007297 1495421999
007298 1495429181
007300 1495438943
007301 1495439719
007302 1495440739
007303 1495442003
007305 1495443268
007306 1495443717
007307 1495444288
007308 1495444615
007311 1495451306
007312 1495452326
007313 1495453305
007319 1495462199
007320 1495464770
007322 1495472753
007323 1495479007
007324 1495480802
007328 1495495055
007329 1495496297
007331 1495497895
007333 1495499853
007334 1495514132
007335 1495514888
007336 1495522713
007337 1495524590
007338 1495524835
007340 1495525447
007343 1495528262
007344 1495529119
007345 1495530220
007346 1495530693
007347 1495531125
007348 1495531620
007349 1495531971
007350 1495532370
007351 1495533041
007352 1495533967
007355 1495535101
007356 1495536585
007357 1495537238
007358 1495539563
007361 1495546377
007362 1495552171
007363 1495556903
007364 1495561065
007365 1495563431
007366 1495564696
007367 1495568246
007368 1495569103
007369 1495571265
007373 1495594477
007376 1495615221
007377 1495617791
007378 1495630929
007386 1495643332
007390 1495652511
007391 1495653555
007392 1495657767
007393 1495658073
007394 1495662159
007396 1495686219
007397 1495687569
007398 1495688811
007399 1495689999
007400 1495699269
007401 1495699863
007402 1495700619
007403 1495716807
007404 1495717420
007405 1495720586
007406 1495726472
007407 1495729099
007410 1495735546
007411 1495736464
007412 1495738750
007413 1495740244
007414 1495741090
007415 1495741342
007416 1495748110
007417 1495748956
007418 1495749694
007419 1495751198
007420 1495753342
007421 1495753702
007422 1495755088
007423 1495784066
007424 1495788268
007425 1495793613
007426 1495799203
007428 1495802119
007430 1495805071
007431 1495806868
007432 1495812100
007434 1495814020
007435 1495816708
007436 1495818820
007438 1495836664
007439 1495838169
007440 1495838871
007441 1495839591
007442 1495843983
007443 1495887806
007444 1495897483
007445 1495900766
007447 1495912649
007448 1495916354
007449 1495918705
007450 1495921924
007452 1495925185
007453 1495958867
007454 1495968245
007455 1495974578
007456 1495975787
007457 1495990346
007458 1495990562
007461 1496031279
007462 1496043560
007463 1496059227
007464 1496072324
007466 1496076939
007467 1496078091
007468 1496079291
007469 1496079958
007470 1496081950
007471 1496082910
007472 1496086462
007481 1496173432
007506 1496336689
007507 1496339521
007508 1496340241
007509 1496352529
007510 1496352961
007512 1496378883
007513 1496400735
007514 1496406879
007515 1496434911
007516 1496441247
007517 1496446280
007518 1496486133
007519 1496500609
007520 1496540213
007521 1496574311
007522 1496587113
007523 1496590465
007524 1496593463
007525 1496634320
007526 1496670725
007527 1496674757
007528 1496683197
007529 1496729533
007530 1496738674
007532 1496779808
007533 1496783936
007534 1496801917
007535 1496807353
007536 1496810593
007537 1496813167
007538 1496818028
007542 1496831010
007544 1496856035
007547 1496869937
007548 1496877599
007549 1496889311
007550 1496889551
007551 1496897183
007552 1496897327
007553 1496914735
007554 1496916031
007555 1496918815
007556 1496939251
007557 1496948227
007558 1496978347
007560 1497015530
007561 1497017258
007562 1497017978
007563 1497021242
007564 1497026618
007565 1497032330
007566 1497036746
007567 1497037955
007568 1497038751
007570 1497042895
007571 1497055043
007572 1497055097
007573 1497069381
007574 1497093220
007575 1497093700
007576 1497101152
007577 1497101908
007578 1497143017
007579 1497175214
007580 1497177230
007581 1497180379
007582 1497181723
007583 1497182654
007584 1497185480
007585 1497192427
007586 1497206637
007587 1497212817
007588 1497220423
007589 1497263443
007590 1497263875
007591 1497266419
007592 1497326108
007593 1497340377
007594 1497341577
007595 1497343065
007596 1497351177
007597 1497354009
007598 1497407596
007608 1497454760
007609 1497460329
007610 1497467020
007611 1497471737
007612 1497475269
007613 1497475744
007614 1497512075
007615 1497533225
007616 1497583239
007617 1497642015
007618 1497678128
007619 1497686113
007620 1497688658
007621 1497695159
007622 1497735093
007623 1497746667
007625 1497781511
007626 1497807693
007627 1497845486
007628 1497876515
007629 1497938894
007630 1497965543
007631 1497967339
007632 1497978763
007633 1497981741
007634 1498011152
007639 1498051417
007642 1498063778
007643 1498069123
007644 1498077038
007645 1498108815
007647 1498155623
007649 1498204945
007650 1498215472
007651 1498223469
007652 1498228651
007653 1498228732
007654 1498256037
007655 1498291665
007656 1498320897
007657 1498359617
007658 1498389171
007660 1498398099
007661 1498398279
007662 1498399971
007663 1498428998
007664 1498444437
007665 1498447245
007666 1498453401
007667 1498459917
007669 1498490942
007670 1498491227
007671 1498496572
007672 1498501427
007673 1498509988
007674 1498510233
007675 1498510886
007676 1498551695
007677 1498559611
007678 1498562018
007679 1498567444
007680 1498568260
007681 1498573779
007682 1498578819
007683 1498585461
007684 1498606316
007685 1498616432
007686 1498635188
007687 1498643120
007688 1498659032
007689 1498680487
007690 1498687921
007691 1498688605
007692 1498689685
007693 1498701655
007694 1498707217
007695 1498728131
007696 1498744318
007697 1498755175
007698 1498757407
007699 1498759870
007700 1498794897
007701 1498806995
007702 1498831061
007703 1498837141
007704 1498837753
007705 1498839019
007706 1498875704
007707 1498899447
007708 1498906197
007709 1498918558
007710 1498920700
007711 1498921816
007712 1498924084
007713 1498934122
007714 1498938365
007715 1498940692
007716 1498974681
007717 1499012595
007718 1499050654
007719 1499074036
007720 1499074432
007721 1499076214
007725 1499156875
007726 1499171438
007739 1499346710
007740 1499351836
007744 1499369795
007745 1499371451
007746 1499376905
007747 1499379155
007748 1499395409
007749 1499431315
007750 1499431967
007751 1499432702
007752 1499464947
007753 1499466513
007754 1499467539
007755 1499467917
007756 1499468553
007757 1499471041
007761 1499472679
007762 1499473399
007763 1499473669
007764 1499473957
007765 1499475059
007766 1499476079
007767 1499476424
007768 1499476730
007769 1499477464
007770 1499477709
007773 1499481782
007779 1499484898
007780 1499485132
007781 1499500898
007782 1499531867
007783 1499553881
007784 1499554295
007785 1499579968
007786 1499610836
007787 1499610872
007788 1499645258
007789 1499678107
007790 1499728276
007791 1499765380
007793 1499779060
007794 1499782039
007805 1499896909
007808 1499963867
007809 1499977341
007810 1500014267
007811 1500066769
007812 1500099393
007813 1500136984
007814 1500169787
007816 1500199519
007817 1500199717
007818 1500210922
007819 1500211210
007820 1500240820
007821 1500267262
007822 1500318391
007823 1500341811
007825 1500368217
007826 1500371153
007827 1500374739
007829 1500393178
007830 1500399053
007831 1500405135
007832 1500410113
007835 1500450496
007836 1500451102
007838 1500451821
007842 1500493228
007843 1500493431
007844 1500495553
007845 1500496573
007846 1500497062
007847 1500538663
007853 1500572272
007856 1500581938
007857 1500582442
007858 1500585394
007859 1500612556
007862 1500636514
007863 1500637251
007864 1500643693
007865 1500644672
007866 1500646630
007867 1500648061
007869 1500648999
007870 1500651406
007871 1500653813
007872 1500657445
007873 1500693013
007876 1500825349
007877 1500859402
007878 1500886809
007879 1500913467
007880 1500922627
007881 1500954053
007882 1500998606
007883 1500998951
007884 1501010839
007885 1501043666
007886 1501057786
007887 1501063765
007888 1501111125
007889 1501120863
007891 1501137244
007892 1501139972
007894 1501160588
007895 1501183053
007896 1501183161
007897 1501183269
007898 1501215830
007899 1501266956
007900 1501306148
007901 1501339637
007902 1501375316
007903 1501404530
007904 1501435409
007905 1501464916
007906 1501492384
007908 1501525471
007909 1501534301
007910 1501562249
007911 1501595888
007912 1501650827
007917 1501691711
007918 1501694289
007919 1501699970
007920 1501701734
007921 1501703660
007922 1501711238
007923 1501711670
007924 1501737163
007925 1501767256
007926 1501773859
007927 1501791269
007928 1501805435
007929 1501807253
007930 1501814975
007931 1501821779
007938 1501864384
007939 1501864955
007940 1501884064
007941 1501920827
007942 1501954685
007943 1501967807
007944 1501986761
007945 1501990253
007946 1502022955
007948 1502032927
007949 1502062555
007950 1502094811
007951 1502122918
007952 1502142374
007953 1502169662
007954 1502183121
007955 1502188751
007956 1502222660
007965 1502297632
007966 1502299067
007967 1502312734
007968 1502357347
007969 1502379646
007970 1502381547
007971 1502432885
007972 1502468270
007973 1502504387
007974 1502537447
007975 1502539564
007976 1502543150
007977 1502549734
007978 1502556974
007979 1502568595
007980 1502569333
007981 1502575705
007982 1502614759
007983 1502616634
007984 1502634037
007985 1502680101
007987 1502716371
007988 1502758450
007989 1502793363
007990 1502800343
007991 1502803972
007992 1502833855
007993 1502847559
007996 1502899828
007997 1502901501
007998 1502907827
007999 1502926169
008000 1502961731
008001 1502967743
008002 1502993378
008003 1503000417
008004 1503030005
008005 1503063189
008006 1503099745
008007 1503137728
008010 1503167110
008011 1503230986
008012 1503264434
008013 1503265262
008014 1503298317
008015 1503319394
008016 1503342568
008017 1503364771
008018 1503390119
008019 1503427696
008020 1503429043
008025 1503508639
008026 1503509449
008027 1503546448
008028 1503577897
008029 1503610549
008030 1503637603
008031 1503666110
008032 1503672892
008033 1503708371
008034 1503747728
008036 1503759170
008037 1503765041
008038 1503765949
008039 1503808400
008040 1503855793
008041 1503893884
008042 1503924225
008043 1503965914
008044 1503971800
008045 1504003271
008046 1504020634
008047 1504060190
008048 1504112321
008049 1504113311
008050 1504114427
008051 1504145969
008052 1504190896
008053 1504191181
008054 1504192779
008055 1504216981
008056 1504249151
008057 1504272639
008058 1504273577
008059 1504298674
008060 1504346245
008061 1504374415
008062 1504409365
008063 1504418635
008064 1504436005
008065 1504449980
008066 1504488853
008067 1504518171
008068 1504558093
008069 1504558699
008073 1504584047
008074 1504615617
008075 1504655461
008077 1504713639
008078 1504751177
008079 1504772252
008080 1504807678
008081 1504818590
008082 1504854836
008083 1504862720
008084 1504905202
008085 1504948862
008086 1504989067
008087 1505023313
008088 1505056556
008089 1505101210
008090 1505129564
008091 1505164163
008092 1505194473
008093 1505222653
008094 1505264530
008095 1505300696
008096 1505343311
008097 1505384182
008098 1505414115
008099 1505463543
008100 1505471199
008101 1505508481
008102 1505548773
008103 1505590990
008104 1505628033
008105 1505657745
008106 1505665395
008107 1505701798
008113 1505816816
008114 1505819132
008115 1505821144
008134 1506001046
008135 1506030019
008136 1506035257
008137 1506069604
008138 1506108554
008139 1506142131
008140 1506178814
008141 1506212924
008142 1506242107
008143 1506275949
008144 1506306245
008145 1506334505
008146 1506343109
008147 1506381641
008148 1506400595
008149 1506401459
008150 1506406337
008151 1506438343
008152 1506439045
008153 1506467828
008158 1506501613
008159 1506501718
008160 1506503540
008161 1506512826
008163 1506513225
008164 1506513305
008165 1506513673
008172 1506525795
008173 1506541381
008174 1506569728
008175 1506605342
008176 1506606381
008177 1506612730
008178 1506641669
008179 1506682481
008180 1506688165
008181 1506705400
008182 1506709630
008183 1506715534
008184 1506717748
008186 1506718810
008187 1506758495
008188 1506787007
008189 1506818449
008190 1506846961
008191 1506885781
008192 1506897191
008193 1506929923
008194 1506936813
008195 1506974159
008196 1507007441
008197 1507048315
008198 1507087702
008200 1507099626
008202 1507101223
008203 1507101590
008208 1507135492
008209 1507153861
008210 1507199667
008211 1507258892
008212 1507288569
008213 1507302931
008214 1507303624
008215 1507352126
008216 1507411144
008218 1507443712
008219 1507444406
008220 1507506732
008221 1507507034
008233 1507622865
008234 1507637591
008235 1507648913
008236 1507676885
008237 1507736328
008240 1507760089
008241 1507790051
008243 1507823012
008244 1507832109
008245 1507832216
008246 1507860217
008247 1507903574
008248 1507914621
008249 1507947466
008250 1507983503
008251 1508023760
008252 1508053994
008253 1508088622
008254 1508122576
008255 1508160391
008256 1508207625
008265 1508346551
008266 1508378132
008267 1508408132
008268 1508448610
008269 1508471174
008270 1508505529
008271 1508533249
008272 1508564828
008273 1508598560
008274 1508635327
008275 1508653651
008276 1508654497
008277 1508656909
008278 1508659123
008279 1508662705
008280 1508666935
008281 1508668825
008282 1508702877
008391 1523217948
008393 1523342239
008394 1523369147
008395 1523376105
008396 1523405111
008397 1523430656
008398 1523433520
008399 1523440514
008400 1523449293
008402 1523461383
008403 1523469748
008404 1523493166
008405 1523494030
008406 1523495125
008407 1523496377
008408 1523517743
008409 1523524249
008410 1523529349
008411 1523531021
008412 1523531266
008413 1523531837
008414 1523532857
008415 1523537509
008416 1523539018
008417 1523539753
008418 1523539957
008419 1523544710
008420 1523547909
008421 1523550215
008422 1523556911
008423 1523557767
008424 1523558697
008427 1523568532
008428 1523570663
008429 1523592049
008430 1523593969
008434 1523596647
008435 1523609002
008436 1523612842
008437 1523616952
008438 1523621147
008439 1523623840
008440 1523629756
008441 1523632082
008442 1523634734
008443 1523639704
008445 1523648589
008446 1523651181
008447 1523652463
008448 1523653859
008449 1523654867
008450 1523655314
008451 1523656883
008452 1523658021
008453 1523673415
008454 1523673803
008455 1523675359
008456 1523685586
008457 1523690441
008458 1523695352
008459 1523696540
008460 1523702030
008461 1523705117
008463 1523713318
008464 1523713918
008465 1523723872
008466 1523729533
008467 1523747074
008468 1523795398
008469 1523799459
008470 1523811334
008473 1523816475
008474 1523817353
008475 1523817958
008476 1523818606
008477 1523818995
008478 1523844526
008479 1523858315
008480 1523859064
008481 1523862535
008483 1523883964
008484 1523907089
008485 1523910926
008486 1523912107
008489 1523955129
008490 1523974205
008491 1523974735
008492 1523986827
008493 1523991478
008494 1524003183
008495 1524024841
008508 1524060124
008509 1524082035
008510 1524084044
008511 1524094403
008512 1524117760
008513 1524122541
008514 1524128439
008515 1524146183
008516 1524146369
008517 1524148676
008518 1524152507
008519 1524189091
008520 1524229778
008521 1524242273
008522 1524276494
008523 1524298991
008524 1524303063
008525 1524331712
008526 1524366541
008527 1524394858
008528 1524416833
008529 1524443788
008530 1524470577
008531 1524497042
008532 1524538251
008533 1524557417
008534 1524576325
008535 1524577541
008536 1524608895
008537 1524609183
008538 1524609543
008539 1524609845
008540 1524610148
008541 1524610738
008542 1524611545
008543 1524611948
008544 1524612783
008545 1524613618
008546 1524613877
008547 1524614079
008548 1524614439
008553 1524681650
008554 1524716673
008555 1524751209
008556 1524751617
008558 1524758675
008559 1524758961
008560 1524760634
008561 1524761450
008562 1524761531
008563 1524790463
008564 1524828638
008565 1524861781
008573 1524873262
008575 1524873789
008576 1524873901
008578 1524875203
008579 1524875314
008580 1524875426
008581 1524875984
008582 1524876598
008583 1524878583
008584 1524879397
008585 1524910820
008586 1524938546
008587 1524959824
008589 1524961221
008590 1524961696
008591 1524962171
008592 1524962359
008593 1524962963
008594 1524964159
008595 1524989978
008596 1525012652
008597 1525046317
008598 1525058297
008599 1525058614
008600 1525059104
008602 1525090910
008603 1525099493
008604 1525123969
008605 1525125797
008606 1525148866
008607 1525161722
008608 1525170010
008610 1525200322
008611 1525228473
008612 1525249329
008613 1525249999
008614 1525250668
008621 1525284974
008622 1525285495
008623 1525286462
008624 1525287355
008625 1525288582
008626 1525289363
008627 1525291186
008628 1525292228
008630 1525298770
008632 1525299289
008633 1525300225
008634 1525323149
008635 1525335320
008636 1525380554
008637 1525405941
008638 1525446795
008639 1525459817
008640 1525500471
008641 1525525909
008642 1525563005
008643 1525567507
008644 1525616015
008645 1525643390
008646 1525692693
008647 1525735193
008648 1525756808
008649 1525798082
008651 1525823450
008652 1525823811
008655 1525857493
008658 1525866860
008659 1525904395
008660 1525932619
008661 1525958763
008662 1525973235
008663 1525989641
008664 1526013013
008666 1526036992
008667 1526070806
008668 1526089042
008669 1526112287
008670 1526145764
008671 1526174401
008672 1526197023
008673 1526233923
008674 1526260750
008675 1526289760
008676 1526317340
008679 1526463104
008685 1526478737
008687 1526488216
008688 1526497490
008689 1526523597
008691 1526571214
008692 1526574865
008693 1526603431
008694 1526626891
008695 1526642709
008696 1526648063
008697 1526678785
008698 1526679922
008699 1526705411
008700 1526712914
008701 1526743594
008702 1526780734
008703 1526810884
008704 1526834786
008705 1526859477
008706 1526884911
008707 1526914283
008708 1526949875
008709 1526974067
008710 1526985381
008711 1527012590
008712 1527041375
008713 1527064518
008714 1527065556
008716 1527085740
008717 1527086012
008719 1527103564
008720 1527114875
008721 1527179379
008722 1527183202
008723 1527217720
008724 1527242779
008725 1527279640
008726 1527312566
008727 1527337312
008728 1527343342
008729 1527375433
008730 1527406637
008731 1527434581
008732 1527450675
008733 1527470720
008734 1527494535
008735 1527500828
008736 1527548817
008737 1527571267
008738 1527597251
008739 1527608023
008740 1527654137
008744 1528470495
008745 1528481937
008749 1528498601
008750 1528501078
008751 1528502158
008752 1528524478
008759 1528539170
008760 1528539393
008761 1528546312
008762 1528547726
008763 1528564045
008764 1528584230
008765 1528610823
008767 1528618253
008768 1528619693
008769 1528626101
008770 1528656190
008771 1528684322
008773 1528723030
008774 1528737203
008775 1528843501
008776 1528844059
008777 1528850362
008778 1528863683
008779 1528887286
008783 1528948563
008784 1528950881
008785 1528978941
008787 1529006017
008788 1529034173
008789 1529050456
008790 1529085239
008791 1529125744
008792 1529154753
008793 1529176639
008794 1529206420
008795 1529229273
008796 1529255457
008797 1529255659
008798 1529256494
008799 1529257574
008800 1529290197
008801 1529589255
008802 1529623282
008803 1529647072
008805 1529661356
008807 1529696266
008816 1529703625
008822 1529708428
008826 1529709284
008828 1529709656
008830 1529710474
008831 1529711878
008832 1529712080
008833 1529712238
008834 1529712382
008835 1529712541
008844 1529715017
008845 1529716501
008846 1529743582
008847 1529764562
008848 1529764965
008849 1529765224
008850 1529765311
008851 1529766103
008852 1529766751
008853 1529766851
008854 1529766981
008855 1529767096
008856 1529767399
008857 1529767643
008858 1529768306
008859 1529772482
008860 1529802380
008861 1529834537
008862 1529873085
008863 1529899185
008864 1529914539
008865 1529941909
008866 1529970964
008867 1530005439
008868 1530021730
008869 1530033820
008870 1530034750
008871 1530038817
008872 1530040300
008873 1530064617
008879 1530118331
008880 1530145033
008881 1530181695
008882 1530183471
008883 1530184364
008884 1530219752
008885 1530250766
008886 1530293888
008887 1530317770
008888 1530349927
008889 1530372131
008890 1530395200
008891 1530418730
008892 1530448125
008893 1530482308
008894 1530523955
008895 1530557697
008897 1530600653
008898 1530682660
008901 1530721629
008902 1530749147
008903 1530890721
008904 1530919419
008905 1530960805
008906 1530997336
008907 1531096917
008909 1531121578
008910 1531186606
008911 1531208991
008912 1531243229
008913 1531272512
008914 1531327327
008915 1531370056
008916 1531427319
008917 1531460428
008918 1531506413
008919 1531535213
008920 1531563009
008921 1531600723
008922 1531631551
008923 1531661912
008924 1531712661
008925 1531737933
008926 1531775548
008927 1531802105
008928 1531805461
008929 1531806425
008930 1531843373
008931 1531930046
008932 1531938124
008934 1531974007
008935 1532023523
008936 1532054666
008937 1532059821
008938 1532099235
008939 1532111374
008940 1532113901
008941 1532127974
008946 1532134425
008947 1532142316
008948 1532169850
008949 1532191796
008950 1532215965
008951 1532242593
008952 1532264366
008953 1532288401
008954 1532311383
008955 1532347313
008956 1532349387
008957 1532386481
008958 1532419874
008959 1532475578
008961 1532537025
008962 1532586710
008963 1532618269
008964 1532650575
008965 1532693523
008966 1532727934
008967 1532752969
008968 1532898147
008969 1532924741
008970 1532948149
008971 1532974269
008972 1533006092
008973 1533029139
008974 1533058177
008975 1533083657
008976 1533108254
008977 1533148815
008978 1533181582
008979 1533223643
008980 1533248793
008981 1533281902
008982 1533311429
008983 1533340483
008984 1533362111
008985 1533388480
008986 1533417665
008987 1533447601
008988 1533475516
008989 1533508772
008990 1533547586
008991 1533591250
008992 1533631514
008993 1533664331
008994 1533690917
008998 1533746230
008999 1533775097
009000 1533810262
009001 1533819986
009002 1533852285
009003 1533876866
009004 1533908449
009005 1533937311
009007 1534011181
009008 1534041047
009009 1534067407
009010 1534094423
009011 1534100223
009012 1534126425
009013 1534155669
009014 1534188134
009015 1534223429
009016 1534256793
009017 1534282835
009018 1534309431
009021 1534343779
009022 1534348531
009023 1534391059
009028 1534462275
009029 1534492783
009030 1534518302
009031 1534546165
009032 1534571566
009033 1534601300
009034 1534630280
009035 1534656241
009036 1534684096
009037 1534709012
009038 1534738790
009040 1534761463
009047 1534954210
009048 1534960085
009049 1535054182
009050 1535085735
009051 1535117717
009053 1535130112
009054 1535178323
009055 1535212064
009056 1535235845
009057 1535266295
009058 1535272579
009059 1535298261
009060 1535324327
009061 1535341580
009062 1535377277
009064 1535442039
009068 1535491441
009069 1535492132
009070 1535494609
009071 1535498295
009072 1535500657
009073 1535501074
009074 1535502010
009075 1535502169
009076 1535504271
009078 1535568782
009079 1535570539
009080 1535599637
009081 1535642924
009082 1535652881
009083 1535679163
009084 1535706218
009085 1535734588
009086 1535761119
009087 1535788220
009088 1535792053
009089 1535822647
009090 1535848409
009091 1535874238
009092 1535905361
009093 1535941729
009094 1535980521
009095 1536017841
009096 1536063891
009097 1536104255
009103 1536164425
009104 1536169976
009105 1536214857
009106 1536249845
009107 1536272050
009108 1536300377
009109 1536321104
009110 1536322508
009111 1536328502
009112 1536413189
009113 1536450170
009114 1536482887
009115 1536491194
009116 1536524107
009117 1536557800
009118 1536597659
009119 1536636014
009120 1536681995
009121 1536717933
009122 1536747410
009123 1536752357
009124 1536801965
009125 1536861037
009126 1536897262
009127 1536938825
009128 1536940641
009129 1536945873
009130 1536987297
009131 1537007917
009132 1537054820
009133 1537095217
009134 1537133453
009138 1537257311
009146 1537443697
009147 1537454563
009148 1537464596
009149 1537531394
009150 1537547861
009151 1537554971
009152 1537583576
009153 1537596098
009160 1537635164
009161 1537638811
009162 1537658203
009167 1537670777
009168 1537699415
009169 1537727873
009170 1537762682
009171 1537762869
009174 1537765015
009175 1537765202
009176 1537765792
009177 1537813685
009178 1537845644
009179 1537871920
009181 1537898599
009182 1537898944
009183 1537899095
009184 1537900024
009185 1537932947
009187 1537984888
009188 1537984953
009189 1537987545
009190 1537990547
009191 1538023862
009192 1538070158
009193 1538092593
009194 1538139940
009195 1538172299
009196 1538197515
009197 1538225067
009198 1538254547
009199 1538255008
009200 1538258090
009201 1538281763
009202 1538312377
009203 1538316463
009204 1538343352
009205 1538365643
009206 1538405641
009207 1538455714
009208 1538527347
009209 1538589251
009210 1538615841
009211 1538649424
009212 1538693733
009213 1538719069
009214 1538734574
009215 1538772325
009216 1538808166
009217 1538837782
009218 1538848496
009219 1538878047
009220 1538907567
009221 1538930204
009222 1538945641
009223 1538971606
009225 1538985142
009226 1538987961
009227 1539018895
009228 1539026509
009229 1539048676
009230 1539081176
009231 1539102483
009232 1539105968
009233 1539135833
009237 1539194985
009238 1539195359
009239 1539203973
009240 1539205907
009241 1539233156
009242 1539298222
009243 1539320247
009244 1539335104
009246 1539339304
009247 1539388393
009248 1539422084
009249 1539424777
009250 1539448439
009251 1539483686
009252 1539508688
009253 1539531988
009254 1539559661
009255 1539594491
009256 1539624011
009257 1539655389
009258 1539703730
009259 1539708172
009260 1539742613
009261 1539793709
009262 1539830006
009263 1539872612
009264 1539910171
009265 1539945021
009266 1539985229
009267 1540029805
009268 1540068951
009269 1540135516
009270 1540184542
009271 1540231207
009272 1540310027
009274 1540314511
009276 1540316203
009277 1540318255
009278 1540319565
009279 1540320220
009283 1540321671
009286 1540324339
009287 1540324900
009288 1540326445
009289 1540326981
009290 1540327989
009291 1540328338
009292 1540328853
009298 1540331967
009304 1540334375
009305 1540334588
009306 1540335664
009311 1540407334
009312 1540409953
009313 1540410632
009314 1540417382
009315 1540427630
009316 1540449525
009317 1540450901
009318 1540453972
009327 1540464100
009336 1540479577
009337 1540480556
009339 1540481209
009340 1540481698
009341 1540482025
009342 1540482555
009343 1540482922
009344 1540485044
009345 1540486227
009347 1540488226
009348 1540500670
009349 1540501772
009350 1540507117
009351 1540507321
009352 1540507892
009353 1540534981
009368 1540562198
009369 1540563837
009370 1540564414
009371 1540565169
009372 1540568455
009373 1540569343
009374 1540569964
009375 1540587032
009376 1540589528
009377 1540590809
009378 1540591828
009379 1540592138
009383 1540594114
009384 1540601981
009385 1540602716
009386 1540608937
009387 1540640215
009388 1540668992
009389 1540688720
009390 1540743842
009391 1540777214
009392 1540810507
009393 1540830665
009394 1540880326
009395 1540887641
009400 1541093455
009401 1541093732
009402 1541094761
009403 1541097454
009404 1541108193
009405 1541141713
009406 1541156843
009407 1541158352
009408 1541169538
009409 1541170124
009410 1541176336
009411 1541187295
009412 1541187874
009413 1541224894
009414 1541236580
009415 1541277793
009416 1541320441
009417 1541367716
009418 1541370617
009419 1541397745
009420 1541413349
009421 1541415343
009422 1541454592
009423 1541484526
009424 1541520386
009430 1541612499
009431 1541671431
009432 1541682535
009433 1541731617
009437 1541771563
009438 1541772992
009439 1541773875
009440 1541774259
009443 1541775699
009444 1541778823
009445 1541820563
009446 1541865670
009447 1541914749
009449 1541947022
009450 1541949044
009451 1541953412
009452 1541957468
009453 1541965024
009454 1541966511
009455 1541968225
009457 1541977167
009458 1541979046
009459 1541979737
009460 1541979867
009461 1541979953
009462 1541980040
