0.00709369
0.00710253
0.00700255
0.00714921
0.00711132
0.00708134
0.00708091
0.00707527
0.00710242
0.00705568
0.00715249
0.00710267
0.00727918
0.00752519
0.00761523
0.00744789
0.0074933
0.00746135
0.0075661
0.00718877
0.00719849
0.00717038
0.00715819
0.0070277
0.00722227
0.00714008
0.00730111
0.00716298
0.00728949
0.00701883
0.007034
0.00700818
0.00703949
0.0071207
0.00716636
0.00708478
0.00705268
0.00704827
0.00685887
0.00693798
0.00678181
0.00686541
0.00686406
0.00703424
0.0070427
0.00707979
0.00737342
0.00741496
0.00723461
0.00729477
0.00686003
0.00696883
0.00692998
0.00695463
0.00687235
0.006951
0.00697489
0.00704703
0.00710887
0.00709872
0.00711026
0.00711627
0.00684
0.00707941
0.00769186
0.00757396
0.00728274
0.007279
0.00714661
0.0072325
0.00733365
0.00719778
0.00719215
0.00724153
0.00723544
0.00715706
0.00735391
0.00723374
0.00718581
0.00704042
0.00715692
0.0069065
0.00724912
0.00725367
0.00730522
0.00709169
0.00712525
0.00720052
0.00710647
0.00693343
0.00689764
0.00719981
0.00728771
0.0074615
0.00765661
0.00721357
0.00714908
0.00729608
0.00739908
0.00733996
0.00738143
0.00728638
0.00721161
0.00723781
0.00724305
0.00730099
0.00744468
0.0072557
0.00735909
0.00728967
0.00723361
0.00716189
0.00725164
0.00705417
0.00729519
0.00728433
0.00721722
0.00730958
0.00724334
0.00733056
0.00721077
0.00737944
0.00727693
0.00735322
0.00720232
0.00735813
0.00731258
0.00696196
