0.00711488
0.0071663
0.00700607
0.0071165
0.00716956
0.00708722
0.0072859
0.00703734
0.00706451
0.00666435
0.00727288
0.00707278
0.00735127
0.00754138
0.0075727
0.00786864
0.0075
0.0075
0.0074417
0.00736198
0.00719661
0.00739672
0.00718282
0.00724455
0.00737921
0.00738803
0.00731048
0.00723301
0.00737309
0.00712099
0.00711485
0.00700543
0.00706293
0.00714659
0.0073452
0.0070365
0.00710629
0.00713186
0.00715025
0.00712123
0.00671799
0.00507812
0.0069
0.0070
0.0070
0.0071
0.0074
0.0074
0.0072
0.0073
0.0069
0.0070
0.00684662
0.0073811
0.00688744
0.00727113
0.00711274
0.00690761
0.00696596
0.00605469
0.007096
0.00704136
0.00688397
0.00711153
0.0077
0.00742789
0.00726688
0.00739328
0.00720879
0.00732834
0.0075
0.00733073
0.00720339
0.00750248
0.00740498
0.0074011
0.0075086
0.00742652
0.00713288
0.00719641
0.00754498
0.0069163
0.00751796
0.00720616
0.00727012
0.0071382
0.00730897
0.0073345
0.00704324
0.00686729
0.00697728
0.00757579
0.0074522
0.00747143
0.00761433
0.0072
0.0071
0.0073
0.00707271
0.00760357
0.00725952
0.00737448
0.0072
0.00717462
0.00721092
0.00719796
0.00701745
0.00704145
0.00734021
0.00723202
0.00706704
0.00706522
0.00683376
0.00693751
0.007115
0.00717795
0.00724296
0.00733567
0.00700564
0.00717343
0.00739458
0.00763539
0.00727925
0.00745056
0.00787965
0.0074
0.0073
0.0070
