# generated with run 8252
-0.392869 3.93781
-0.22615 2.20168
-0.291033 2.78706
-0.297685 2.76714
-0.295339 2.65831
-0.282627 2.50872
-0.325275 2.84351
-0.331175 2.8679
-0.334598 2.80826
-0.344324 2.90198
-0.404695 3.30936
-0.405088 3.25123
-0.407929 3.1759
-0.380696 2.88188
-0.385928 2.8252
0 0
-0.461956 4.49465
-0.292267 2.72724
-0.400542 3.66303
-0.334228 2.98514
-0.422689 3.646
-0.371198 3.10683
-0.408052 3.32966
-0.441613 3.55498
-0.390965 3.10767
-0.401803 3.0939
-0.429636 3.22221
-0.407305 2.98134
-0.373519 2.63206
-0.332416 2.23727
-0.32157 2.04195
-0.288246 1.87329
-0.49294 5.20764
-0.294151 2.98346
-0.315799 3.14507
-0.35364 3.45024
-0.340022 3.25739
-0.31964 3.00303
-0.332456 3.1031
-0.334344 3.05757
-0.333747 3.04015
-0.336064 2.98772
-0.349312 3.02703
-0.344583 2.89477
-0.349536 2.86866
-0.428358 3.49299
-0.409732 3.26243
-0.391107 2.99627
-0.273821 2.90008
-0.234302 2.34692
-0.213687 2.10508
-0.254329 2.45254
-0.271965 2.54385
-0.265982 2.44133
-0.259057 2.31343
-0.253977 2.23479
-0.269172 2.31922
-0.284841 2.42086
-0.391029 3.2068
-0.391821 3.15147
-0.374694 2.90598
-0.389735 2.95877
-0.387313 2.8619
-0.377261 2.69835
-0.360368 3.69015
-0.36811 3.64462
-0.343207 3.29182
-0.370175 3.4695
-0.375181 3.43665
-0.370914 3.33508
-0.36951 3.27156
-0.3696 3.19721
-0.388632 3.30088
-0.373312 3.05826
-0.449436 3.65877
-0.449728 3.58729
-0.444603 3.43306
-0.43948 3.3165
-0.434622 3.18831
-0.403575 2.83647
-0.362567 3.67296
-0.376803 3.65034
-0.311228 2.92566
-0.310289 2.87254
-0.308755 2.77519
-0.310868 2.77938
-0.288947 2.50756
-0.322138 2.74023
-0.30732 2.56538
-0.32507 2.67425
-0.415471 3.35476
-0.346661 2.74981
-0.397239 3.04306
-0.394664 2.95472
-0.387785 2.83508
-0.432184 3.02434
-0.382549 4.13582
-0.330038 3.42281
-0.313875 3.16071
-0.335394 3.28392
-0.325943 3.12564
-0.281151 2.65175
-0.312952 2.92375
-0.343301 3.13736
-0.309148 2.75133
-0.321497 2.80945
-0.332612 2.86055
-0.346186 2.88545
-0.403507 3.27259
-0.350388 2.79101
-0.377833 2.89408
-0.388596 2.86071
-0.327852 3.49465
-0.257787 2.60072
-0.276433 2.72557
-0.28945 2.78166
-0.247056 2.35228
-0.267092 2.48112
-0.286714 2.60523
-0.274285 2.47198
-0.276404 2.45174
-0.292437 2.55707
-0.280305 2.41683
-0.379007 3.1326
-0.308328 2.5244
-0.388662 3.07544
-0.35374 2.71313
-0.396635 2.92307
-0.331333 3.64698
-0.206172 2.18067
-0.310782 3.22295
-0.285941 2.91009
-0.28636 2.82916
-0.305881 2.98771
-0.290629 2.78618
-0.302105 2.85006
-0.298989 2.78557
-0.302675 2.75295
-0.311183 2.73249
-0.287827 2.49967
-0.315879 2.67277
-0.305309 2.50565
-0.314552 2.4835
-0.326435 2.44805
0 0
-0.470083 5.16174
-0.36326 3.85773
-0.377835 3.92223
-0.340744 3.47252
-0.350824 3.5338
-0.337481 3.38555
-0.367235 3.65218
-0.355873 3.49857
-0.335806 3.24146
-0.347577 3.30922
-0.32648 3.07494
-0.362204 3.32533
-0.328025 2.95853
-0.346155 3.05441
-0.360844 3.10071
0 0
-0.379156 4.05626
-0.351935 3.58791
-0.315141 3.13627
-0.362177 3.49093
-0.310262 2.93828
-0.343986 3.2325
-0.346733 3.21748
-0.324507 2.93153
-0.322812 2.88313
-0.33858 2.969
-0.342405 2.9688
-0.344572 2.91525
-0.43866 3.56665
-0.368175 2.94009
-0.375189 2.86619
0 0
0 0
-0.33871 3.69303
-0.290044 3.06484
-0.273143 2.80082
-0.239242 2.42891
-0.245411 2.4469
-0.247488 2.44625
-0.23271 2.26632
-0.256343 2.4535
-0.289433 2.7171
-0.264705 2.43309
-0.2801 2.52673
-0.274847 2.41945
-0.292635 2.48961
-0.346545 2.86227
0 0
0 0
0 0
-0.409533 4.10146
-0.306603 2.94848
-0.23394 2.21167
-0.252563 2.34029
-0.253547 2.31516
-0.254131 2.28304
-0.262471 2.33604
-0.25938 2.24741
-0.299715 2.55947
-0.331999 2.79034
-0.328055 2.72046
-0.346664 2.80382
-0.35133 2.76389
0 0
0 0
0 0
0 0
-0.410794 4.43335
-0.336775 3.52774
-0.412609 4.12967
-0.292378 2.85634
-0.289641 2.80005
-0.339625 3.18336
-0.348325 3.19183
-0.280313 2.5158
-0.297122 2.58646
-0.264187 2.25023
-0.267477 2.24102
-0.283709 2.23782
0 0
0 0
0 0
0 0
0 0
-0.202949 2.30828
-0.2403 2.60435
-0.245696 2.57325
-0.221479 2.25333
-0.179336 1.77133
-0.196569 1.8927
-0.225431 2.138
-0.263462 2.4439
-0.250405 2.30818
-0.287521 2.48931
-0.262256 2.21829
0 0
0 0
0 0
0 0
0 0
0 0
0 0
-0.287427 2.98601
-0.255987 2.55737
-0.231961 2.3115
-0.208836 2.03419
-0.23122 2.23105
-0.169883 1.59679
-0.246849 2.32932
-0.297879 2.72779
-0.428261 3.79329
-0.339667 2.98186
-0.282566 2.49324
-0.221608 2.0106
-0.276117 2.58405
-0.274162 2.58299
-0.280475 2.67509
-0.271906 2.67263
-0.291399 2.90972
-0.297872 3.07391
0 0
0 0
0 0
0 0
0 0
0 0
0 0
-0.37298 3.13072
-0.301339 2.6121
-0.298139 2.6488
-0.246067 2.22384
-0.274135 2.52076
-0.249197 2.33179
-0.245337 2.34325
-0.262321 2.54775
-0.259778 2.56871
-0.251231 2.52853
-0.225741 2.35181
0 0
0 0
0 0
0 0
0 0
-0.35289 2.36397
-0.365947 2.49029
-0.352942 2.4579
-0.365159 2.6437
-0.354458 2.60057
-0.338033 2.57071
-0.415219 3.20876
-0.340244 2.71826
-0.400996 3.27386
-0.272941 2.296
-0.290739 2.57139
-0.348251 3.20782
0 0
0 0
0 0
0 0
-0.367274 3.05487
-0.347597 2.9289
-0.311764 2.70234
-0.314721 2.78676
-0.280005 2.51508
-0.278823 2.56605
-0.286443 2.66611
-0.231144 2.18173
-0.26896 2.57235
-0.25972 2.52019
-0.273349 2.69028
-0.255346 2.56855
-0.336088 3.48527
0 0
0 0
0 0
-0.367075 2.72238
-0.45434 3.5013
-0.362804 2.8846
-0.40847 3.27413
-0.327422 2.70552
-0.342091 2.85588
-0.326136 2.77672
-0.309832 2.72308
-0.295688 2.63939
-0.272241 2.44334
-0.27997 2.56032
-0.297451 2.75938
-0.282999 2.72352
-0.359518 3.6117
0 0
0 0
-0.393974 2.65845
-0.399514 2.88087
-0.389609 2.943
-0.412767 3.20304
-0.367886 2.95377
-0.389447 3.20166
-0.35659 2.98266
-0.361021 3.14558
-0.377655 3.32261
-0.35904 3.2196
-0.357941 3.26331
-0.384533 3.58573
-0.3525 3.37166
-0.42927 4.26729
-0.410473 4.23754
0 0
-0.37517 2.5189
-0.388088 2.77164
-0.366488 2.70606
-0.39923 3.03763
-0.397842 3.1017
-0.359348 2.93622
-0.363044 3.0567
-0.338372 2.88964
-0.360011 3.15389
-0.341976 3.04383
-0.322585 2.95635
-0.375474 3.50629
-0.345214 3.3153
-0.366685 3.63436
-0.40507 4.19189
0 0
-0.38274 2.88381
-0.378036 3.00166
-0.366767 2.99873
-0.318119 2.67418
-0.306569 2.655
-0.295267 2.62284
-0.323652 2.94284
-0.319471 2.96852
-0.298422 2.80233
-0.302936 2.88001
-0.304777 2.94021
-0.307522 3.01801
-0.329429 3.31484
-0.340997 3.46546
-0.353907 3.71033
-0.358128 3.89352
-0.4198 2.70746
-0.450697 3.04554
-0.399507 2.87999
-0.41458 3.09644
-0.419688 3.24597
-0.408929 3.2901
-0.319915 2.68892
-0.316383 2.69729
-0.293726 2.54787
-0.289883 2.57422
-0.284974 2.59806
-0.284042 2.65596
-0.269129 2.58102
-0.241856 2.36739
-0.246487 2.54392
-0.260298 2.79832
-0.401827 2.61606
-0.380382 2.67449
-0.403663 2.9372
-0.417294 3.15453
-0.453335 3.55294
-0.427923 3.47698
-0.347915 2.95207
-0.334656 2.8755
-0.35951 3.19707
-0.362712 3.2786
-0.294587 2.71894
-0.34838 3.31472
-0.287108 2.79277
-0.247422 2.45807
-0.322744 3.33496
-0.306385 3.33835
-0.344747 1.9922
-0.379187 2.33911
-0.376855 2.45612
-0.379681 2.59853
-0.393763 2.80351
-0.38035 2.80778
-0.387733 2.98995
-0.385601 3.09694
-0.288159 2.40376
-0.305708 2.59336
-0.269508 2.37836
-0.281335 2.54251
-0.294786 2.7526
-0.294857 2.83291
-0.23679 2.36636
-0.295713 3.13575
-0.338009 2.23431
-0.425279 3.00925
-0.397021 2.92384
-0.427706 3.28686
-0.432136 3.45319
-0.417133 3.43714
-0.334851 2.86159
-0.325982 2.85727
-0.310876 2.80224
-0.293219 2.68202
-0.292606 2.72938
-0.325008 3.09422
-0.275267 2.69638
-0.281349 2.81543
-0.264517 2.72326
-0.2821 3.0553
-0.33003 2.05191
-0.326041 2.07996
-0.38467 2.57504
-0.401969 2.85265
-0.408781 3.02244
-0.423539 3.27028
-0.449467 3.63109
-0.354083 2.93555
-0.36059 3.12175
-0.35264 3.1275
-0.336707 3.07282
-0.371891 3.47919
-0.402245 3.85767
-0.358398 3.5328
-0.323417 3.24706
-0.34068 3.54418
-0.319453 2.22099
-0.394701 2.82938
-0.387835 2.92244
-0.415933 3.22796
-0.410079 3.28363
-0.358494 2.94338
-0.34021 2.82584
-0.333 2.86193
-0.327567 2.86407
-0.30244 2.68455
-0.299709 2.72116
-0.31525 2.90439
-0.299297 2.83902
-0.284967 2.74606
-0.25315 2.47614
-0.359395 3.70302
-0.335936 2.44563
-0.33508 2.4575
-0.339561 2.60204
-0.344896 2.74897
-0.343043 2.81168
-0.289686 2.42335
-0.251552 2.19229
-0.246556 2.16472
-0.2311 2.06747
-0.199975 1.81593
-0.209368 1.92559
-0.219304 2.04827
-0.201219 1.91585
-0.17769 1.73813
-0.157686 1.56143
-0.30959 3.14816
0 0
-0.283473 2.15501
-0.332293 2.68434
-0.332834 2.786
-0.337417 2.92757
-0.334669 2.97321
-0.33308 3.04129
-0.343632 3.16879
-0.326105 3.07253
-0.329774 3.17989
-0.33901 3.31002
-0.361628 3.58519
-0.341807 3.4603
-0.375381 3.87841
-0.33858 3.58067
-0.424848 4.65735
0 0
-0.349774 3.5788
-0.360797 3.6111
-0.364583 3.57067
-0.374096 3.60674
-0.362008 3.433
-0.373272 3.48623
-0.369183 3.4197
-0.369378 3.34735
-0.373297 3.32534
-0.378345 3.29867
-0.367272 3.13391
-0.370617 3.04782
-0.367504 2.89204
-0.253957 1.89023
0 0
0 0
-0.276374 2.67301
-0.295523 2.78504
-0.295584 2.71909
-0.32052 2.84402
-0.305749 2.65952
-0.314333 2.68081
-0.344218 2.85685
-0.395711 3.23715
-0.389674 3.11358
-0.376613 2.91953
-0.39881 2.98195
-0.397564 2.84493
-0.320039 2.14643
-0.30831 1.94714
-0.303964 1.88037
0 0
-0.229548 2.27231
-0.312706 3.03128
-0.276637 2.61458
-0.308912 2.84277
-0.293524 2.65502
-0.294944 2.61177
-0.318118 2.75173
-0.335444 2.83028
-0.367734 3.02629
-0.3869 3.10543
-0.391285 3.01636
-0.398059 2.96127
-0.377471 2.68368
-0.328234 2.20277
-0.298615 1.90737
0 0
-0.241096 2.42717
-0.314716 3.14154
-0.326052 3.1947
-0.325465 3.13497
-0.315557 2.96788
-0.307635 2.86381
-0.32456 2.98124
-0.329061 2.95304
-0.338575 2.99822
-0.342557 2.92086
-0.361782 2.98974
-0.41968 3.35817
-0.427085 3.27155
-0.413826 3.06523
-0.406875 2.89972
0 0
-0.29021 3.09077
-0.298746 3.13259
-0.292463 2.99222
-0.308948 3.10728
-0.304382 3.00036
-0.316768 3.06764
-0.3101 2.93911
-0.327454 3.03224
-0.337292 3.06355
-0.357728 3.12722
-0.339319 2.79848
-0.363377 2.93558
-0.380512 2.95079
-0.397826 2.97227
-0.398938 2.85415
-0.35234 3.88305
-0.309046 3.34235
-0.315552 3.3659
-0.317847 3.3152
-0.342367 3.48174
-0.323152 3.2342
-0.327731 3.23505
-0.347526 3.41559
-0.331726 3.18205
-0.339055 3.19095
-0.340337 3.14269
-0.332314 2.97237
-0.335893 2.91501
-0.345064 2.91996
-0.404816 3.25713
-0.400967 3.07417
-0.386181 4.09031
-0.24873 2.61613
-0.273122 2.77676
-0.279157 2.78471
-0.31061 3.04028
-0.300102 2.89514
-0.283187 2.70943
-0.31682 3.00841
-0.309931 2.85286
-0.329478 3.02092
-0.324846 2.8563
-0.380189 3.26304
-0.373832 3.10716
-0.435848 3.54733
-0.448818 3.56308
-0.474679 3.60014
-0.357136 3.85497
-0.258551 2.65215
-0.249204 2.52256
-0.279327 2.75967
-0.283716 2.73695
-0.281167 2.70272
-0.31454 2.9309
-0.288959 2.656
-0.304596 2.7645
-0.313481 2.77207
-0.311338 2.63401
-0.371139 3.04847
-0.41114 3.21281
-0.397341 3.03427
-0.385034 2.84758
-0.412093 2.88028
-0.269579 2.93047
-0.152892 1.64833
-0.176617 1.81331
-0.28958 2.94724
-0.261781 2.61665
-0.266008 2.63417
-0.269631 2.62116
-0.262536 2.51204
-0.275022 2.59525
-0.296785 2.75251
-0.314089 2.85922
-0.343823 3.02684
-0.328333 2.8198
-0.321614 2.7033
-0.354169 2.91748
-0.360421 2.83234
0 0
-0.982331 10.834
-0.355032 3.82631
-0.339556 3.58906
-0.372556 3.90482
-0.336273 3.47009
-0.338742 3.48132
-0.373313 3.79981
-0.341868 3.42047
-0.39017 3.8506
-0.399881 3.87453
-0.394551 3.75822
-0.350555 3.27161
-0.353021 3.23484
-0.382735 3.4072
-0.372637 3.20931
0 0
-0.324811 3.58776
-0.252301 2.7089
-0.314163 3.26243
-0.315445 3.25769
-0.31832 3.22387
-0.305298 3.06218
-0.332151 3.29705
-0.30478 2.96183
-0.363124 3.46781
-0.310945 2.90899
-0.376894 3.48153
-0.370704 3.3008
-0.381494 3.33935
-0.381637 3.25645
-0.422685 3.44463
0 0
0 0
-0.727578 7.97196
-0.0852073 0.904491
-0.217654 2.23682
-0.228057 2.31489
-0.219393 2.2016
-0.223095 2.21181
-0.175419 1.69659
-0.250404 2.39568
-0.235957 2.19324
-0.199798 1.79516
-0.325177 2.86898
-0.223806 1.9187
-0.326844 2.71724
-0.363997 2.9255
0 0
0 0
0 0
-0.361052 3.59777
-0.150021 1.42222
-0.139892 1.29389
-0.163336 1.46426
-0.267069 2.37392
-0.234748 2.03676
-0.260506 2.21462
-0.296082 2.45239
-0.298666 2.42459
-0.290503 2.30231
-0.324164 2.52176
-0.321922 2.42458
-0.332303 2.39698
0 0
0 0
0 0
0 0
-0.423964 4.65407
0 0
-0.209524 2.207
-0.175455 1.83737
-0.343142 3.52422
-0.33154 3.35359
-0.277475 2.75509
-0.237718 2.32871
-0.0523419 0.497188
-0.20181 1.89105
-0.280069 2.55662
-0.113191 1.00423
0 0
0 0
0 0
0 0
0 0
-0.929036 10.7968
-0.340855 3.80664
-0.17647 1.93351
-0.0863238 0.918199
-0.242658 2.56225
-0.133198 1.37645
-0.0773727 0.783085
-0.100435 1.00794
-0.269589 2.65187
-0.0213082 0.206685
-0.754981 7.20764
0 0
0 0
0 0
0 0
0 0
0 0
0 0
-0.224145 2.38651
-0.116962 1.23032
0 0
0 0
-0.160418 1.60999
-0.37042 3.61782
0 0
0 0
-0.302618 2.99413
0 0
0 0
0 0
0 0
0 0
0 0
-0.134199 1.30204
-0.405046 3.95168
0 0
0 0
0 0
0 0
0 0
0 0
0 0
0 0
-0.234606 1.99806
-0.126508 1.11195
0 0
-0.0975624 0.885893
-0.304056 2.81889
-0.172687 1.62346
0 0
-0.0134825 0.131199
0 0
-0.18984 1.95042
-0.158552 1.71358
0 0
0 0
0 0
0 0
0 0
-0.138387 1.4196
-0.176025 1.85638
-0.216953 2.29168
-0.085005 0.911972
-0.149322 1.59969
0 0
-0.120005 1.30213
-0.0630095 0.690599
-0.52377 5.61697
0 0
-0.107133 1.17527
-0.383394 4.20146
0 0
0 0
0 0
0 0
-0.296106 2.49818
-0.193544 1.65819
-0.230457 2.05274
-0.22059 1.99633
-0.25333 2.34222
-0.20668 1.95275
-0.120107 1.14589
-0.122476 1.19498
-0.00980493 0.0976396
-0.201128 2.05793
-0.274915 2.83682
-0.232913 2.45751
-0.756164 8.20933
0 0
0 0
0 0
-0.316337 2.47425
-0.316173 2.58691
-0.355518 2.99553
-0.283056 2.44783
-0.363547 3.1999
-0.217515 1.95951
-0.2088 1.92184
-0.218316 2.05393
-0.160486 1.52722
-0.158429 1.53942
-0.27008 2.66353
-0.151404 1.50039
-0.381304 3.9576
0 0
0 0
0 0
-0.358704 3.06127
-0.342293 3.03172
-0.334502 3.00142
-0.351075 3.2773
-0.342577 3.25042
-0.344061 3.28529
-0.348959 3.43028
-0.300476 2.97702
-0.337683 3.39761
-0.324148 3.28269
-0.254891 2.61832
-0.270445 2.81675
-0.376714 4.02647
-0.321013 3.50146
-0.690472 7.71357
0 0
-0.371471 2.95845
-0.343816 2.84414
-0.288921 2.43507
-0.307689 2.63896
-0.313029 2.74406
-0.286981 2.58481
-0.279072 2.54214
-0.339381 3.14369
-0.249334 2.33069
-0.291274 2.78604
-0.256803 2.4836
-0.377331 3.73469
-0.13378 1.3308
-0.2487 2.55764
-0.141885 1.4952
0 0
-0.392866 2.98707
-0.368279 2.88677
-0.383219 3.11725
-0.353565 2.92527
-0.331683 2.82621
-0.342374 3.00589
-0.320722 2.85643
-0.386868 3.52361
-0.295285 2.71963
-0.337345 3.1922
-0.358785 3.41361
-0.236803 2.30934
-0.233783 2.31177
-0.209506 2.12032
-0.145226 1.50829
-0.0284358 0.308036
-0.389183 2.84011
-0.389715 2.95133
-0.391562 3.04076
-0.396659 3.17893
-0.394606 3.23269
-0.362442 3.06613
-0.320062 2.7478
-0.318145 2.78987
-0.312989 2.77921
-0.324462 2.94338
-0.278023 2.57536
-0.281545 2.64075
-0.225518 2.15093
-0.223407 2.16663
-0.198449 1.97301
-0.640594 6.93289
-0.408989 3.20316
-0.401199 3.27095
-0.329538 2.71998
-0.308044 2.62452
-0.352689 3.07765
-0.318999 2.83821
-0.315751 2.86067
-0.269522 2.46783
-0.295196 2.73411
-0.269244 2.53202
-0.280577 2.68731
-0.297085 2.86346
-0.247078 2.44054
-0.231667 2.32722
-0.247278 2.57213
-0.696267 7.38438
-0.418214 2.87663
-0.399186 2.87973
-0.367389 2.73649
-0.389631 2.9658
-0.339819 2.66697
-0.388282 3.12228
-0.3893 3.19254
-0.306823 2.58816
-0.277276 2.36736
-0.288881 2.52299
-0.252519 2.22542
-0.301992 2.72035
-0.296447 2.73331
-0.353003 3.32544
-0.205277 2.02957
-0.180744 1.8629
-0.399208 2.90288
-0.4145 3.12223
-0.407363 3.15469
-0.404949 3.23894
-0.411299 3.36368
-0.327484 2.72981
-0.331769 2.8472
-0.324971 2.83876
-0.311674 2.80433
-0.313576 2.83623
-0.303023 2.79456
-0.353916 3.30684
-0.313656 2.99584
-0.30619 3.00681
-0.342781 3.45074
-0.362052 3.81655
-0.279011 2.02047
-0.292214 2.18414
-0.282777 2.19346
-0.304191 2.45411
-0.284598 2.3649
-0.20396 1.87514
-0.135584 1.30727
-0.190975 1.88381
-0.161627 1.63233
-0.149219 1.55098
-0.169865 1.81186
-0.195725 2.15365
-0.182625 2.07581
-0.195255 2.31368
-0.0513922 0.620964
-0.0656069 0.829877
-0.391559 3.1896
-0.336496 2.80767
-0.338751 2.9158
-0.315658 2.78334
-0.319943 2.87644
-0.32888 3.01115
-0.333695 3.09688
-0.302941 2.84273
-0.317574 3.03843
-0.318986 3.07563
-0.356137 3.46443
-0.305947 3.00795
-0.28481 2.84782
-0.347713 3.53509
-0.348403 3.63281
-0.46191 5.02136
-0.278661 2.16828
-0.330804 2.69381
-0.316066 2.59945
-0.317256 2.72635
-0.327798 2.89253
-0.327664 2.9545
-0.326258 3.01137
-0.315049 2.9491
-0.345275 3.29867
-0.32679 3.15636
-0.342837 3.35488
-0.353901 3.51399
-0.377136 3.83449
-0.341976 3.54286
-0.338328 3.56801
-0.22437 2.44514
0 0
-0.369852 2.58207
-0.373157 2.77158
-0.36668 2.84205
-0.370863 2.96889
-0.364018 3.00415
-0.359448 2.97242
-0.351074 2.99365
-0.378818 3.29063
-0.370222 3.27819
-0.366109 3.31175
-0.391501 3.62198
-0.382059 3.61721
-0.399112 3.88309
-0.385944 3.84077
-0.525699 5.45276
-0.17991 1.57735
-0.26015 2.35262
-0.319546 2.97345
-0.329071 3.14559
-0.273958 2.67058
-0.339732 3.36571
-0.326633 3.31079
-0.404929 4.23126
-0.375852 4.00589
0 0
0 0
0 0
0 0
0 0
0 0
0 0
-0.345863 3.17121
-0.304638 2.91972
-0.285517 2.80314
-0.314268 3.13213
-0.327968 3.3339
-0.335544 3.46026
-0.342018 3.63957
-0.331542 3.55949
-0.34604 3.76978
-0.433589 4.83276
-0.427821 4.91391
0 0
0 0
0 0
0 0
0 0
-0.283127 2.49397
-0.267171 2.42008
-0.275375 2.58752
-0.227356 2.16402
-0.217203 2.11117
-0.274066 2.73304
-0.265437 2.65091
-0.212309 2.16055
-0.244613 2.52571
-0.228552 2.39519
-0.248379 2.62259
-0.26863 2.89791
0 0
0 0
0 0
0 0
-0.348492 2.67185
-0.340841 2.672
-0.385062 3.10918
-0.279869 2.38132
-0.2604 2.18292
-0.279245 2.43538
-0.256698 2.31929
-0.209873 1.92222
-0.211818 1.98427
-0.248845 2.37585
-0.280977 2.72125
-0.257732 2.598
-0.312751 3.25352
0 0
0 0
0 0
-0.337441 2.27994
-0.412176 2.93674
-0.318809 2.31163
-0.362529 2.7192
-0.344327 2.63979
-0.355134 2.79332
-0.388907 3.12945
-0.307023 2.52193
-0.29152 2.40098
-0.267027 2.32643
-0.276289 2.43836
-0.229587 2.09186
-0.265535 2.55094
-0.390581 3.89625
0 0
0 0
-0.36385 2.73612
-0.396308 3.14414
-0.346052 2.85843
-0.332718 2.72971
-0.307481 2.66333
-0.315984 2.79785
-0.311278 2.81556
-0.319752 2.93816
-0.300845 2.83769
-0.296754 2.87519
-0.305323 2.97242
-0.275627 2.74747
-0.26427 2.70888
-0.26202 2.78576
-0.237764 2.6282
0 0
-0.412235 3.07301
-0.403111 3.13349
-0.412181 3.33909
-0.357744 2.99991
-0.376766 3.23457
-0.331616 2.97671
-0.343463 3.15376
-0.301602 2.80403
-0.309021 2.94202
-0.306076 2.97836
-0.319671 3.17672
-0.359682 3.63595
-0.298195 3.09175
-0.302872 3.24392
-0.436386 4.79852
0 0
-0.378207 2.53885
-0.375613 2.67496
-0.365723 2.73944
-0.41168 3.17375
-0.401249 3.19717
-0.391596 3.19527
-0.312351 2.65222
-0.325098 2.79098
-0.310658 2.74831
-0.288423 2.59017
-0.252315 2.31901
-0.31498 3.00772
-0.333138 3.25183
-0.356547 3.56098
-0.247503 2.56378
-0.378831 4.11665
-0.383554 2.37614
-0.375183 2.3572
-0.335993 2.22648
-0.364594 2.53464
-0.362359 2.60881
-0.353888 2.65293
-0.316451 2.44699
-0.326888 2.60837
-0.382453 3.09853
-0.28601 2.38706
-0.355078 3.01702
-0.294535 2.57803
-0.297176 2.66681
-0.322633 3.01093
-0.324099 3.12677
-0.378343 3.83155
-0.372642 2.3825
-0.349044 2.34893
-0.361856 2.56291
-0.353458 2.5936
-0.399317 3.03296
-0.374712 2.90426
-0.385715 3.07724
-0.343056 2.78724
-0.292588 2.48622
-0.312436 2.70534
-0.328095 2.85927
-0.345629 3.11918
-0.304302 2.82937
-0.313287 3.00149
-0.322453 3.23857
-0.320848 3.37369
-0.34598 2.20093
-0.343567 2.35039
-0.330312 2.34316
-0.31914 2.36316
-0.319765 2.46094
-0.310952 2.46189
-0.300972 2.47492
-0.281215 2.34677
-0.301096 2.60275
-0.25343 2.25041
-0.301497 2.77406
-0.286662 2.66735
-0.316475 3.08225
-0.303234 3.01976
-0.399697 4.07426
-0.401882 4.29091
-0.24945 1.61794
-0.281454 1.91853
-0.262199 1.90696
-0.241711 1.85278
-0.221966 1.71775
-0.209536 1.70971
-0.202009 1.67482
-0.175799 1.53042
-0.153169 1.3788
-0.165249 1.534
-0.148844 1.44084
-0.14467 1.41696
-0.143175 1.46182
-0.186709 2.03256
-0.120671 1.38086
-0.165095 1.99018
-0.41326 3.17859
-0.412676 3.31456
-0.394972 3.25615
-0.305169 2.58143
-0.283426 2.46452
-0.284978 2.53626
-0.276939 2.51528
-0.294777 2.76794
-0.279151 2.65384
-0.285986 2.74383
-0.259416 2.51897
-0.267665 2.64403
-0.263682 2.65802
-0.263644 2.7311
-0.250637 2.64799
-0.278476 3.00472
-0.38743 2.70503
-0.370213 2.69515
-0.361099 2.73975
-0.356136 2.81095
-0.377434 3.03508
-0.324174 2.70941
-0.312353 2.66544
-0.324486 2.78668
-0.339646 2.97611
-0.297058 2.67159
-0.269113 2.44956
-0.33434 3.12202
-0.322144 3.0852
-0.31524 3.0854
-0.324522 3.27614
-0.340709 3.52222
-0.286873 1.92957
-0.393189 2.81767
-0.337255 2.54314
-0.336689 2.64607
-0.346603 2.80884
-0.402967 3.30892
-0.34055 2.84906
-0.336544 2.8877
-0.292678 2.59049
-0.278908 2.50376
-0.299117 2.75123
-0.267063 2.51738
-0.266449 2.60504
-0.268414 2.67791
-0.276923 2.83156
-0.482483 5.14144
0 0
-0.100136 1.39405
-0.142389 2.18545
-0.131226 2.06925
-0.114664 1.83691
-0.147922 2.42956
-0.162184 2.71158
-0.155778 2.6443
-0.184493 3.17454
-0.191226 3.33934
-0.20209 3.57651
-0.199237 3.5735
-0.216198 3.95348
-0.191669 3.56729
-0.138044 2.6065
-0.24507 4.6679
-0.337466 3.43934
-0.321905 3.16217
-0.302372 2.92657
-0.320723 3.02737
-0.336654 3.06664
-0.333892 2.98224
-0.296873 2.60363
-0.328478 2.86952
-0.324238 2.73468
-0.324216 2.71831
-0.34283 2.79672
-0.350165 2.7638
-0.349973 2.68911
-0.346257 2.49764
-0.267115 1.83428
0 0
-0.349561 3.69673
-0.332033 3.40649
-0.28791 2.86919
-0.294644 2.86521
-0.329144 3.1324
-0.285524 2.65992
-0.280442 2.56344
-0.310104 2.77778
-0.316659 2.77788
-0.303222 2.58993
-0.327924 2.77106
-0.329467 2.68103
-0.325711 2.59506
-0.332365 2.52582
-0.336431 2.44366
-0.340063 2.37321
-0.520729 5.34673
-0.34191 3.3958
-0.3733 3.58677
-0.360275 3.37609
-0.341928 3.10983
-0.380937 3.37576
-0.352224 3.0583
-0.387603 3.31495
-0.347629 2.84662
-0.378412 3.09797
-0.369594 2.96391
-0.369585 2.86336
-0.379936 2.87189
-0.378841 2.74752
-0.36031 2.51867
-0.273054 1.75947
-0.41669 4.52292
-0.283673 2.9455
-0.314473 3.17056
-0.316433 3.13293
-0.314824 3.03553
-0.293176 2.75828
-0.273724 2.52061
-0.296058 2.68009
-0.292598 2.57858
-0.30386 2.61171
-0.310872 2.60616
-0.348181 2.82267
-0.37213 2.90307
-0.342804 2.59702
-0.379962 2.75111
-0.316501 2.16751
-0.422534 4.22828
-0.334173 3.23523
-0.342996 3.20839
-0.344706 3.1148
-0.331309 2.87678
-0.317128 2.68588
-0.309069 2.55113
-0.405168 3.28787
-0.359019 2.85751
-0.351979 2.75573
-0.367539 2.77738
-0.360287 2.63975
-0.322736 2.26763
-0.336582 2.28239
-0.292684 1.88051
-0.328126 2.0391
-0.42069 4.5262
-0.303502 3.12137
-0.308955 3.09731
-0.331604 3.24397
-0.382465 3.62655
-0.351592 3.27917
-0.333685 3.05865
-0.334262 3.00215
-0.342137 3.0065
-0.334672 2.87185
-0.334764 2.84537
-0.386152 3.14253
-0.386621 3.05043
-0.376572 2.84316
-0.36972 2.70701
-0.359444 2.44869
-0.32774 3.65735
-0.285708 3.09652
-0.252739 2.66063
-0.273238 2.82447
-0.298243 2.98968
-0.270964 2.66837
-0.274963 2.67879
-0.28067 2.68323
-0.290417 2.71104
-0.315293 2.88109
-0.30923 2.767
-0.332558 2.90645
-0.329784 2.7974
-0.40718 3.33407
-0.399104 3.14923
-0.384087 2.87329
-0.408223 4.556
-0.412804 4.45333
-0.302985 3.18419
-0.323961 3.34814
-0.350618 3.51605
-0.320354 3.16928
-0.339639 3.34471
-0.350107 3.39768
-0.340986 3.19191
-0.361419 3.33816
-0.361025 3.26921
-0.350922 3.10993
-0.34799 2.98821
-0.36179 2.95984
-0.403344 3.24386
-0.375739 2.87771
-0.0890788 1.02269
-0.0655889 0.719629
-0.224679 2.39127
-0.149527 1.58575
-0.257336 2.61737
-0.190104 1.90147
-0.187664 1.87948
-0.214939 2.08952
-0.231146 2.22507
-0.229475 2.13612
-0.25505 2.34425
-0.26625 2.38727
-0.257639 2.2757
-0.292699 2.43844
-0.365957 2.96459
-0.368045 2.82552
0 0
-0.292589 3.09249
-0.239148 2.41012
-0.221581 2.2073
-0.284252 2.73776
-0.250819 2.36848
-0.25345 2.34088
-0.264877 2.40664
-0.305498 2.73614
-0.299967 2.64837
-0.295972 2.53073
-0.318127 2.7057
-0.325239 2.69593
-0.351754 2.80779
-0.337966 2.60588
-0.341593 2.52149
0 0
-0.264933 2.96781
-0.303722 3.27464
-0.287656 2.99379
-0.287559 2.9216
-0.248409 2.49326
-0.284403 2.81686
-0.30396 2.96425
-0.281717 2.72087
-0.300046 2.87829
-0.307602 2.87419
-0.327917 3.00536
-0.333271 3.02383
-0.338204 2.96447
-0.347376 2.93954
-0.366464 2.98319
0 0
0 0
-0.24434 2.45736
-0.25951 2.48956
-0.308569 2.84791
-0.21819 1.93278
-0.239436 2.09632
-0.310966 2.65682
-0.253747 2.16213
-0.369304 3.02938
-0.36068 2.91681
-0.340233 2.68768
-0.381799 2.9581
-0.366425 2.74458
-0.373759 2.7398
-0.36329 2.52544
0 0
0 0
0 0
-0.227315 2.52424
-0.218916 2.3644
-0.20611 2.19189
-0.227859 2.35274
-0.229392 2.33785
-0.213969 2.14633
-0.247047 2.44986
-0.237461 2.31634
-0.245495 2.32382
-0.279739 2.60946
-0.307132 2.81345
-0.29249 2.56824
-0.377584 3.16419
0 0
0 0
0 0
0 0
-0.280961 3.13554
-0.22556 2.46896
-0.272666 2.93865
-0.212851 2.25084
-0.263729 2.77216
-0.246031 2.51841
-0.269669 2.73462
-0.290966 2.89511
-0.297931 2.89545
-0.295489 2.81813
-0.315264 2.95356
-0.288861 2.60824
0 0
0 0
0 0
0 0
0 0
-0.342 3.57461
-0.427775 4.28981
-0.34585 3.39726
-0.377563 3.62908
-0.359139 3.37513
-0.369764 3.39856
-0.352511 3.15745
-0.360387 3.1195
-0.364518 3.0532
-0.353278 2.87707
-0.354091 2.78735
0 0
0 0
0 0
0 0
0 0
0 0
0 0
-0.0900186 0.953211
-0.171972 1.70429
-0.180186 1.76446
-0.272301 2.60493
-0.139401 1.30619
-0.184402 1.66259
-0.214209 1.91564
-0.187726 1.61987
-0.203553 1.71513
0 0
0 0
0 0
0 0
0 0
-0.129164 1.36914
-0.0242734 0.256516
-0.26372 2.83416
0 0
0 0
0 0
0 0
0 0
0 0
0 0
0 0
-0.320066 2.91932
-0.329218 3.11486
-0.320215 3.10108
-0.273913 2.72673
-0.285418 2.90047
-0.101454 1.04679
-0.276131 2.92096
0 0
-0.241716 2.63221
-0.33707 3.76267
-0.204999 2.3077
0 0
0 0
0 0
0 0
0 0
-0.304825 2.92406
-0.319891 3.1524
-0.327432 3.28804
-0.319496 3.26429
-0.275349 2.86527
-0.265835 2.82076
-0.227351 2.45698
-0.223922 2.45264
-0.218909 2.42529
-0.0954236 1.07656
-0.0519057 0.592442
-0.149097 1.71969
0 0
0 0
0 0
0 0
-0.399362 3.29618
-0.309221 2.60462
-0.308875 2.73654
-0.292069 2.6675
-0.276905 2.57158
-0.268163 2.49682
-0.249194 2.38407
-0.239545 2.34004
-0.212801 2.11572
-0.192989 1.96772
-0.156704 1.61531
-0.216237 2.29271
-0.177277 1.90516
0 0
0 0
0 0
-0.388365 3.18122
-0.331416 2.79952
-0.324147 2.83017
-0.314151 2.82343
-0.301114 2.76601
-0.285293 2.66715
-0.302969 2.89926
-0.302449 2.92891
-0.306256 3.01564
-0.296541 2.97749
-0.248167 2.50237
-0.319379 3.26128
-0.294634 3.11799
-0.215585 2.31976
0 0
0 0
-0.321588 2.8321
-0.326441 3.00936
-0.314041 2.94491
-0.298181 2.85087
-0.309517 3.0153
-0.308554 3.10865
-0.297558 3.02016
-0.295424 3.09172
-0.300058 3.16061
-0.269969 2.87692
-0.239235 2.58892
-0.258677 2.83978
-0.221458 2.49552
-0.248958 2.88292
-0.508194 5.88429
0 0
-0.363445 2.76245
-0.370142 2.89498
-0.363096 2.93078
-0.333694 2.74275
-0.303264 2.50359
-0.291993 2.5131
-0.274825 2.40892
-0.273207 2.47956
-0.272287 2.49896
-0.224275 2.09885
-0.232337 2.22237
-0.28242 2.71663
-0.239865 2.38956
-0.0245329 0.249364
-0.388966 4.17412
0 0
-0.382802 2.62778
-0.357982 2.53994
-0.330698 2.3889
-0.35765 2.68189
-0.367629 2.81337
-0.336669 2.63195
-0.295188 2.4182
-0.27368 2.31018
-0.271359 2.28511
-0.259908 2.27855
-0.239527 2.12429
-0.167901 1.52669
-0.24804 2.32857
-0.223026 2.14423
-0.397543 4.00744
-0.436723 4.60254
-0.372525 2.67573
-0.373006 2.7996
-0.374425 2.90296
-0.38222 3.07468
-0.404569 3.33831
-0.306206 2.5662
-0.294069 2.58239
-0.31191 2.81382
-0.292714 2.66643
-0.267763 2.50917
-0.242858 2.31645
-0.291249 2.85529
-0.267123 2.67384
-0.259344 2.66667
-0.107857 1.15098
-0.487534 5.35195
-0.367145 2.7079
-0.334358 2.58873
-0.334006 2.70085
-0.348768 2.89435
-0.31858 2.72447
-0.31941 2.81757
-0.320866 2.90859
-0.307171 2.85582
-0.307188 2.91767
-0.282251 2.73671
-0.261847 2.59643
-0.269773 2.72897
-0.232549 2.41929
-0.239314 2.52781
-0.141761 1.58299
-0.171732 1.93832
-0.437381 3.09146
-0.444511 3.27603
-0.451611 3.44471
-0.445883 3.54385
-0.444032 3.63862
-0.324307 2.7173
-0.32601 2.83626
-0.311597 2.79933
-0.33692 3.07383
-0.286923 2.64842
-0.272634 2.56585
-0.271384 2.60437
-0.344457 3.41621
-0.398176 4.0628
-0.324596 3.42106
-0.0423748 0.463006
-0.343609 2.18901
-0.306644 2.0005
-0.357009 2.4365
-0.384266 2.74647
-0.391296 2.87705
-0.378518 2.87501
-0.370926 2.89005
-0.419664 3.36005
-0.420745 3.44515
-0.349295 2.89945
-0.347279 2.97342
-0.305522 2.70815
-0.352183 3.19492
-0.233075 2.19646
-0.393555 3.86278
0 0
-0.359254 2.34728
-0.325057 2.22294
-0.380741 2.7269
-0.377003 2.78737
-0.385319 2.92671
-0.397086 3.08114
-0.383445 3.07717
-0.340353 2.85102
-0.33552 2.8791
-0.319119 2.77327
-0.330891 2.96693
-0.328829 3.01087
-0.315037 2.9565
-0.269196 2.60877
-0.377142 3.77048
-0.332323 3.44407
-0.382294 2.77772
-0.358954 2.70777
-0.351904 2.74907
-0.355234 2.86542
-0.385768 3.15634
-0.335484 2.78564
-0.341996 2.96683
-0.320863 2.84103
-0.335135 3.0174
-0.328634 3.01367
-0.34089 3.21812
-0.33552 3.22867
-0.320059 3.14907
-0.271806 2.73783
-0.233915 2.40698
0 0
-0.248432 1.65047
-0.269686 1.78872
-0.262615 1.67849
-0.345114 2.33846
-0.350397 2.56218
-0.344431 2.59735
-0.339339 2.62695
-0.334175 2.68507
-0.32574 2.6634
-0.337969 2.81702
-0.337764 2.89458
-0.334563 3.00983
-0.327056 3.00247
-0.282161 2.67079
-0.383155 3.74608
-2.62015 26.2078
0 0
-0.292065 2.65569
-0.29091 2.73002
-0.274456 2.64237
-0.263622 2.59197
-0.237358 2.36912
-0.259116 2.62991
-0.222096 2.28587
-0.262298 2.74812
-0.234432 2.4899
-0.213393 2.30946
-0.214351 2.33532
-0.146687 1.62533
-0.204717 2.29992
-0.142059 1.62229
-0.151621 1.73365
0 0
-0.161509 1.60822
-0.319726 3.06916
-0.334743 3.16706
-0.335662 3.07109
-0.282265 2.53065
-0.323905 2.84568
-0.309617 2.66337
-0.336432 2.7947
-0.344231 2.86336
-0.35961 2.92619
-0.360806 2.83964
-0.36123 2.75083
-0.365327 2.64615
-0.349387 2.41136
0 0
0 0
-0.29426 2.98748
-0.283451 2.79737
-0.272684 2.62132
-0.287866 2.70306
-0.283391 2.63583
-0.266815 2.42106
-0.287147 2.57533
-0.309643 2.72962
-0.300039 2.53573
-0.309057 2.59071
-0.322873 2.64994
-0.324882 2.57993
-0.326439 2.4904
-0.334644 2.47437
-0.35181 2.54353
0 0
-0.346491 3.59757
-0.189747 1.91091
-0.333973 3.3041
-0.28637 2.74579
-0.28542 2.68641
-0.302 2.79285
-0.302989 2.75353
-0.309884 2.74638
-0.308344 2.67864
-0.311011 2.62522
-0.334741 2.79388
-0.349584 2.82901
-0.36759 2.85125
-0.378748 2.88081
-0.363673 2.58903
0 0
-0.391155 4.30424
-0.277211 2.97238
-0.234081 2.48338
-0.177764 1.83838
-0.232506 2.36436
-0.1989 1.99053
-0.228515 2.26454
-0.269437 2.62303
-0.249804 2.39853
-0.268171 2.54235
-0.268702 2.47956
-0.259597 2.32655
-0.26661 2.33984
-0.285467 2.43337
-0.352839 2.90658
-0.415677 4.38584
0 0
-0.203541 2.04027
-0.32974 3.25272
-0.332013 3.17277
-0.326676 3.04019
-0.308195 2.82078
-0.298151 2.67382
-0.295511 2.59539
-0.312568 2.66088
-0.305568 2.52118
-0.333978 2.73982
-0.338927 2.68761
-0.347076 2.6952
-0.352764 2.6186
-0.364945 2.512
-0.446421 4.18908
-0.235802 2.17222
-0.125486 1.13045
-0.250579 2.20576
-0.270704 2.32983
-0.315135 2.6688
-0.349444 2.89136
-0.29385 2.40107
-0.298709 2.40918
-0.299849 2.37813
-0.330769 2.5638
-0.296714 2.25951
-0.33251 2.47473
-0.331959 2.42068
-0.285057 1.9978
-0.304547 2.05882
-0.24597 2.63673
-0.707982 7.36497
-0.30455 3.11135
-0.315025 3.10863
-0.354961 3.40948
-0.321633 3.02928
-0.277853 2.56389
-0.294964 2.67398
-0.303962 2.67731
-0.338851 2.91677
-0.298735 2.49183
-0.334229 2.76401
-0.338624 2.71579
-0.338857 2.63085
-0.375029 2.78624
-0.369995 2.40855
-0.522829 5.52847
-0.560928 5.82863
-0.477318 4.69003
-0.394353 3.80822
-0.221704 2.06916
-0.303399 2.75903
-0.351931 3.09267
-0.306811 2.65019
-0.316803 2.62023
-0.30157 2.45934
-0.320248 2.53667
-0.309434 2.35908
-0.371352 2.75926
-0.361975 2.59893
-0.332192 2.08272
-0.314291 2.00213
0 0
0 0
-0.0692454 0.754389
-0.339761 3.63519
-0.382003 3.98258
-0.313834 3.21824
-0.357655 3.62639
-0.332512 3.27595
-0.347586 3.38419
-0.355217 3.38967
-0.366771 3.45837
-0.375806 3.40152
-0.372124 3.27764
-0.383876 3.29086
-0.405836 3.3464
-0.394481 3.10436
0 0
-0.161637 1.79194
-0.257405 2.72869
-0.121652 1.2377
-0.175111 1.74661
-0.255519 2.48686
-0.302015 2.90594
-0.310902 2.92305
-0.304208 2.80302
-0.346157 3.10834
-0.349184 3.06545
-0.342192 2.90682
-0.371912 3.10074
-0.354947 2.89061
-0.382378 2.98532
-0.379693 2.81805
0 0
-0.2368 2.64394
-0.290668 3.12448
-0.14041 1.47571
-0.346773 3.5302
-0.220078 2.19949
-0.352938 3.50275
-0.318381 3.08201
-0.322712 3.08859
-0.362373 3.41093
-0.331482 3.03108
-0.365896 3.24068
-0.354869 3.09983
-0.327622 2.76719
-0.347196 2.85544
-0.365205 2.8887
0 0
0 0
0 0
-0.0629341 0.604204
-0.215647 1.99151
-0.234931 2.10763
-0.248505 2.17134
-0.276014 2.31781
-0.29421 2.4522
-0.435628 3.53089
-0.380492 3.00775
-0.393587 3.04828
-0.388432 2.93873
-0.35001 2.54485
-0.355248 2.50988
-0.416894 2.85386
0 0
0 0
0 0
-0.662326 6.80719
-0.159723 1.55997
-0.357654 3.45918
-0.222889 2.12822
-0.242003 2.25106
-0.210959 1.90148
-0.237709 2.10946
-0.253792 2.20394
-0.249224 2.11747
-0.331073 2.72932
-0.406017 3.2695
-0.40427 3.15155
-0.395326 3.02982
0 0
0 0
0 0
0 0
-0.333652 3.542
0 0
-0.0410915 0.408086
-0.184253 1.7956
-0.264037 2.59767
-0.269033 2.58239
0 0
-0.222716 2.05772
-0.198785 1.76703
-0.152137 1.33986
-0.297593 2.48928
-0.313968 2.56674
0 0
0 0
0 0
0 0
0 0
-0.896876 10.1122
-0.00524833 0.0545736
-0.0510541 0.525314
0 0
-0.128749 1.24711
-0.305836 2.94381
-0.239718 2.26937
-0.259546 2.38137
-0.343281 3.09781
-0.331636 2.93073
-0.376425 3.21875
0 0
0 0
0 0
0 0
0 0
0 0
0 0
-0.474221 5.39762
0 0
0 0
-0.21687 2.12793
-0.0301604 0.293196
-0.121823 1.17296
-0.331446 3.11008
-0.264993 2.44049
-0.562375 4.93427
