# generated with run 8647
-0.347564 3.46495
-0.29233 2.81545
-0.294831 2.73755
-0.255136 2.32368
-0.331359 2.96821
-0.319167 2.77324
-0.33575 2.88155
-0.334817 2.82041
-0.338047 2.83338
-0.364884 3.00437
-0.396938 3.16658
-0.369869 2.91194
-0.378194 2.89036
-0.372995 2.73716
-0.301901 2.17715
0 0
-0.425703 4.13737
-0.328334 3.0747
-0.36651 3.30323
-0.371377 3.27009
-0.39583 3.38965
-0.353482 2.9662
-0.368025 3.02376
-0.426325 3.38327
-0.391571 3.0575
-0.399929 3.03238
-0.428961 3.17159
-0.410739 2.95496
-0.347231 2.39334
-0.326843 2.13498
-0.314553 2.01344
-0.269008 1.66094
-0.474078 5.17953
-0.280063 2.98001
-0.295033 3.07175
-0.305233 3.12421
-0.290491 2.89875
-0.303897 3.02245
-0.293774 2.86882
-0.317376 3.05272
-0.306927 2.90512
-0.297487 2.78766
-0.315435 2.9069
-0.32271 2.90671
-0.329889 2.93678
-0.32393 2.81322
-0.331814 2.8104
-0.378793 3.11556
-0.355306 3.69893
-0.228562 2.27733
-0.279875 2.72832
-0.243965 2.31421
-0.286271 2.64817
-0.242536 2.19796
-0.247366 2.19871
-0.275341 2.39598
-0.266428 2.25158
-0.282011 2.39102
-0.372768 3.03809
-0.35409 2.7757
-0.383785 2.95438
-0.335481 2.54389
-0.386072 2.82935
-0.37763 2.67837
-0.556168 5.66021
-0.506833 4.966
-0.331382 3.14845
-0.397651 3.69813
-0.411132 3.70186
-0.352672 3.10966
-0.391218 3.3751
-0.359118 3.04071
-0.388304 3.20122
-0.451598 3.68043
-0.442301 3.53398
-0.443733 3.43571
-0.450454 3.41708
-0.420282 3.09697
-0.426926 3.05827
-0.389966 2.66668
-0.473692 4.76185
-0.368368 3.53269
-0.348768 3.25429
-0.318522 2.90509
-0.314635 2.80613
-0.318304 2.78719
-0.310396 2.64394
-0.345523 2.89237
-0.315812 2.64205
-0.388953 3.15068
-0.402134 3.15264
-0.401299 3.09922
-0.402228 3.03705
-0.395423 2.91084
-0.407886 2.95242
-0.422899 2.88694
-0.354987 3.80491
-0.220547 2.23569
-0.278162 2.75389
-0.293458 2.81911
-0.300917 2.83316
-0.281629 2.60273
-0.290362 2.61103
-0.296234 2.62401
-0.300461 2.60683
-0.307627 2.61452
-0.33729 2.78916
-0.377416 3.04407
-0.380515 2.99706
-0.366076 2.80056
-0.385216 2.87222
-0.392005 2.80457
-0.281254 2.93614
-0.308115 3.07099
-0.276917 2.66677
-0.28693 2.71168
-0.283711 2.66361
-0.258901 2.36905
-0.289563 2.60333
-0.289078 2.54908
-0.303539 2.6395
-0.285101 2.40133
-0.418801 3.46759
-0.379873 3.08587
-0.373865 2.97745
-0.345643 2.66612
-0.396931 2.97903
-0.334222 2.39929
-0.352379 3.8818
-0.247002 2.58577
-0.317674 3.25804
-0.287971 2.89543
-0.337612 3.29681
-0.269039 2.59395
-0.289342 2.74334
-0.288357 2.67489
-0.286086 2.61055
-0.300331 2.70412
-0.275323 2.39775
-0.282687 2.39684
-0.302932 2.50881
-0.32594 2.59813
-0.320745 2.47159
-0.320834 2.37632
0 0
-0.445226 4.86723
-0.364759 3.8586
-0.314665 3.23866
-0.400291 4.06054
-0.30173 3.01783
-0.342221 3.38178
-0.311052 3.04134
-0.342835 3.33183
-0.324409 3.09435
-0.346845 3.29651
-0.324444 3.00099
-0.314127 2.86912
-0.320606 2.84896
-0.335024 2.91548
-0.35266 2.89566
0 0
-0.353327 3.76073
-0.349682 3.56011
-0.374731 3.68312
-0.362431 3.4766
-0.340428 3.20113
-0.363192 3.36676
-0.340007 3.08048
-0.352261 3.15651
-0.337717 2.97514
-0.365308 3.16304
-0.377234 3.19226
-0.347744 2.90093
-0.347227 2.78566
-0.387549 3.00808
-0.43649 3.3073
0 0
0 0
-0.355891 3.82581
-0.295316 3.11422
-0.315288 3.21086
-0.243024 2.42185
-0.242796 2.39606
-0.247685 2.40162
-0.254276 2.43974
-0.259623 2.47323
-0.261838 2.42864
-0.280882 2.54511
-0.278233 2.46881
-0.268529 2.33084
-0.332899 2.7895
-0.369404 3.01201
0 0
0 0
0 0
-0.446824 4.44423
-0.311199 2.99754
-0.249712 2.3186
-0.285632 2.62875
-0.292102 2.64511
-0.299361 2.65828
-0.305692 2.65232
-0.322891 2.81384
-0.326559 2.74494
-0.325469 2.70718
-0.389623 3.17482
-0.365428 2.91237
-0.371208 2.86889
0 0
0 0
0 0
0 0
-0.391782 4.26729
-0.327841 3.43317
-0.33072 3.35042
-0.301376 2.95063
-0.386052 3.71003
-0.327725 3.05924
-0.334226 3.08512
-0.256047 2.29474
-0.285269 2.48677
-0.277769 2.40529
-0.28566 2.38029
-0.300179 2.33311
0 0
0 0
0 0
0 0
0 0
-0.294729 3.36227
-0.225909 2.40763
-0.22629 2.31096
-0.2338 2.33072
-0.211032 2.0746
-0.232984 2.21174
-0.226059 2.10438
-0.281704 2.55741
-0.281102 2.49818
-0.308756 2.63648
-0.405553 3.33073
0 0
0 0
0 0
0 0
0 0
0 0
0 0
-0.220343 2.23808
-0.220198 2.21831
-0.213222 2.11463
-0.22365 2.1843
-0.244747 2.3219
-0.248135 2.32905
-0.269317 2.45615
-0.320303 2.88404
-0.32875 2.82207
-0.361535 3.04709
-0.350771 3.07805
-0.283061 2.53016
-0.281448 2.56954
-0.283551 2.66024
-0.260049 2.49106
-0.296256 2.89086
-0.259035 2.59355
-0.313752 3.2568
0 0
0 0
0 0
0 0
0 0
0 0
0 0
-0.415674 3.49592
-0.279016 2.43112
-0.275624 2.46446
-0.285152 2.59222
-0.202689 1.87854
-0.230539 2.17348
-0.253964 2.42414
-0.242345 2.3517
-0.211429 2.10526
-0.250421 2.54725
-0.161539 1.68042
0 0
0 0
0 0
0 0
0 0
-0.350582 2.29903
-0.380201 2.59396
-0.379729 2.74025
-0.391616 2.83439
-0.40534 2.97712
-0.38722 2.91344
-0.349474 2.69558
-0.32538 2.58852
-0.320724 2.5915
-0.300753 2.51626
-0.264107 2.33151
-0.321658 2.95884
0 0
0 0
0 0
0 0
-0.44975 3.68646
-0.295485 2.4544
-0.312262 2.67588
-0.30761 2.69127
-0.321631 2.86802
-0.382378 3.45557
-0.309845 2.87855
-0.245852 2.2928
-0.269577 2.57076
-0.244173 2.36028
-0.245026 2.41943
-0.289757 2.88591
-0.344836 3.54844
0 0
0 0
0 0
-0.364444 2.67324
-0.366999 2.77955
-0.380423 2.95668
-0.375031 2.93271
-0.386181 3.09769
-0.445938 3.65962
-0.312284 2.6267
-0.278416 2.37963
-0.301251 2.64099
-0.273346 2.41987
-0.27636 2.52081
-0.306015 2.81982
-0.300284 2.88751
-0.307776 3.03987
0 0
0 0
-0.380455 2.53183
-0.407878 2.8911
-0.421762 3.11568
-0.402764 3.09544
-0.377101 2.98093
-0.368529 3.02224
-0.334211 2.76793
-0.369602 3.1488
-0.352124 3.06068
-0.347103 3.09875
-0.357776 3.22061
-0.333476 3.05553
-0.406913 3.85932
-0.40472 3.95668
-0.326161 3.33954
0 0
-0.369281 2.41089
-0.369278 2.57468
-0.355567 2.59801
-0.363583 2.73456
-0.420125 3.24087
-0.367755 2.93086
-0.3389 2.80399
-0.342178 2.88866
-0.347297 3.04221
-0.342484 3.04611
-0.30464 2.75232
-0.352626 3.2742
-0.331439 3.15915
-0.492709 4.81999
-0.420478 4.27435
0 0
-0.391555 2.93385
-0.343795 2.72158
-0.391001 3.18431
-0.317099 2.62056
-0.303888 2.62642
-0.26479 2.34214
-0.334165 3.02609
-0.303899 2.82297
-0.298446 2.80879
-0.315358 3.00886
-0.294337 2.85949
-0.320606 3.14942
-0.337231 3.37578
-0.377524 3.84969
-0.374841 3.93451
-0.507221 5.55543
-0.434758 2.7214
-0.431846 2.86131
-0.40857 2.84946
-0.412746 3.04168
-0.421589 3.19747
-0.422914 3.30704
-0.423548 3.44712
-0.324703 2.68215
-0.299441 2.56442
-0.333164 2.92118
-0.292258 2.64338
-0.338634 3.1033
-0.309832 2.925
-0.250843 2.43879
-0.277941 2.78969
-0.342355 3.58073
-0.403576 2.58966
-0.41592 2.83596
-0.405771 2.89224
-0.399875 2.97626
-0.435652 3.35921
-0.435396 3.48607
-0.358879 2.98241
-0.331456 2.83014
-0.329039 2.88025
-0.325992 2.90924
-0.319209 2.92141
-0.329942 3.09541
-0.316186 3.04688
-0.262374 2.58828
-0.346684 3.54794
-0.407668 4.40441
-0.326383 1.95811
-0.334345 1.99541
-0.360029 2.29949
-0.370491 2.44752
-0.377459 2.61824
-0.364715 2.61616
-0.361602 2.73447
-0.377946 2.93397
-0.368293 2.98005
-0.300543 2.48462
-0.288123 2.46173
-0.301201 2.65155
-0.287036 2.62535
-0.282132 2.67182
-0.206162 2.05311
-0.264335 2.75255
-0.326981 2.12883
-0.355503 2.44439
-0.4095 2.96722
-0.390087 2.93753
-0.4012 3.13269
-0.391909 3.19032
-0.335563 2.85733
-0.316957 2.74052
-0.310337 2.75356
-0.307961 2.79982
-0.293246 2.70546
-0.331388 3.12777
-0.284039 2.74281
-0.275798 2.75241
-0.317283 3.22829
-0.36428 3.93173
-0.334342 2.04475
-0.335842 2.10467
-0.343876 2.23124
-0.392647 2.70997
-0.407135 2.95052
-0.418928 3.17239
-0.430648 3.41433
-0.410515 3.36895
-0.357466 3.03222
-0.358876 3.139
-0.359975 3.27451
-0.364628 3.3629
-0.354729 3.37219
-0.35107 3.43127
-0.350537 3.49182
-0.401123 4.14299
-0.284698 1.91721
-0.387103 2.77951
-0.379851 2.83762
-0.372046 2.87911
-0.392806 3.13131
-0.380082 3.09781
-0.359127 2.97773
-0.331528 2.81446
-0.317083 2.75522
-0.312095 2.76033
-0.328543 2.95114
-0.31078 2.86324
-0.302585 2.84935
-0.280271 2.69688
-0.28964 2.86498
-0.369846 3.76774
-0.261828 1.86854
-0.320124 2.31375
-0.334601 2.53565
-0.352087 2.73637
-0.354611 2.862
-0.281794 2.3267
-0.262242 2.21886
-0.281705 2.4249
-0.240137 2.10876
-0.224111 2.00374
-0.217435 1.99785
-0.236001 2.16534
-0.225992 2.11463
-0.187572 1.79666
-0.190849 1.8618
-0.1565 1.59182
0 0
-0.336044 2.50903
-0.32685 2.57714
-0.34832 2.86182
-0.326813 2.80532
-0.336616 2.93362
-0.334699 2.99002
-0.336222 3.07224
-0.324808 3.02267
-0.319993 3.0324
-0.333982 3.23354
-0.33658 3.30011
-0.350401 3.49723
-0.371601 3.81893
-0.358191 3.72735
-0.451956 4.90876
-0.554674 5.86298
-0.339482 3.45067
-0.379248 3.79812
-0.389322 3.80468
-0.373084 3.58691
-0.362024 3.40803
-0.353519 3.28762
-0.366252 3.34656
-0.358291 3.22338
-0.364562 3.21855
-0.359841 3.10816
-0.358777 3.03319
-0.361201 2.96528
-0.358315 2.78519
-0.347857 2.56436
0 0
-0.542607 5.44769
-0.28798 2.75106
-0.316713 2.94058
-0.317435 2.89599
-0.324196 2.88763
-0.317833 2.7231
-0.32193 2.69365
-0.370727 3.03934
-0.367698 2.96078
-0.372885 2.9317
-0.381708 2.91309
-0.392626 2.89365
-0.339229 2.40772
-0.320893 2.0863
-0.307879 1.90092
-0.322196 1.95535
-0.440159 4.58567
-0.24291 2.42001
-0.304683 2.93073
-0.320751 3.00501
-0.323532 2.95302
-0.316124 2.82324
-0.303568 2.66534
-0.317961 2.72368
-0.325157 2.71063
-0.381195 3.1086
-0.401896 3.18968
-0.362425 2.7974
-0.363329 2.68059
-0.333769 2.32921
-0.306684 2.02954
-0.304467 1.9015
-0.434767 4.55115
-0.278475 2.78494
-0.310136 3.06407
-0.321508 3.1415
-0.345271 3.28393
-0.313127 2.92814
-0.304869 2.80817
-0.324237 2.93088
-0.334023 2.98328
-0.334931 2.91511
-0.320821 2.7087
-0.425223 3.481
-0.4276 3.39215
-0.410129 3.12107
-0.417275 3.06455
-0.393117 2.75723
-0.432498 4.78333
-0.25143 2.65505
-0.319112 3.30338
-0.298477 3.02169
-0.311031 3.07921
-0.295963 2.87727
-0.313672 2.99632
-0.317208 2.97215
-0.327171 2.98508
-0.3398 3.02025
-0.357322 3.05191
-0.371937 3.04737
-0.400008 3.18359
-0.362482 2.79172
-0.386126 2.8448
-0.369885 2.53925
0 0
-0.296301 3.20366
-0.343387 3.60976
-0.336942 3.49341
-0.364347 3.67617
-0.32834 3.25967
-0.326769 3.21531
-0.341145 3.31964
-0.343579 3.26353
-0.343084 3.19956
-0.3415 3.11334
-0.316008 2.79339
-0.333007 2.85682
-0.406567 3.33203
-0.384661 3.01566
-0.369119 2.78807
-0.354357 3.80713
-0.305743 3.2085
-0.257984 2.62314
-0.305382 3.03843
-0.306922 3.00308
-0.288412 2.77486
-0.285266 2.70388
-0.299256 2.80533
-0.304322 2.8003
-0.330027 2.96786
-0.333256 2.95928
-0.34274 2.93332
-0.348895 2.94416
-0.430163 3.4797
-0.447006 3.48439
-0.445198 3.34462
-0.175294 1.85216
-0.272126 2.81531
-0.259143 2.59638
-0.282143 2.73893
-0.282591 2.69378
-0.278772 2.60348
-0.302124 2.80926
-0.303472 2.77159
-0.313681 2.78455
-0.320421 2.76659
-0.352143 2.89758
-0.40724 3.2908
-0.41325 3.21357
-0.382925 2.88457
-0.345491 2.50457
-0.407434 2.81752
-0.214658 2.32073
-0.31015 3.26693
-0.203228 2.08606
-0.256372 2.59476
-0.279154 2.77522
-0.264069 2.58884
-0.285611 2.78697
-0.289904 2.78659
-0.283046 2.67245
-0.302575 2.79825
-0.309738 2.80083
-0.317365 2.8034
-0.321328 2.75855
-0.325655 2.68891
-0.34187 2.77581
-0.382429 2.97026
0 0
-0.324307 3.60119
-0.307363 3.31459
-0.350378 3.70536
-0.392377 4.08983
-0.387371 4.00778
-0.359967 3.67484
-0.340463 3.44113
-0.373457 3.75102
-0.381949 3.78259
-0.368585 3.57506
-0.359226 3.41443
-0.359491 3.36005
-0.378035 3.44974
-0.385677 3.45668
-0.399773 3.42003
0 0
-0.0857795 0.952177
0 0
-0.261302 2.71041
-0.315817 3.25419
-0.313601 3.17428
-0.331095 3.30663
-0.325852 3.20109
-0.331663 3.22537
-0.384476 3.66162
-0.367451 3.43175
-0.349779 3.18179
-0.369756 3.29762
-0.350536 3.02537
-0.387255 3.24142
-0.336591 2.71375
0 0
0 0
-0.0374339 0.408316
-0.215292 2.31373
-0.210853 2.20583
-0.181452 1.86335
-0.179088 1.80952
-0.23463 2.34508
-0.226437 2.20086
-0.271005 2.60446
-0.220255 2.06544
-0.301601 2.75716
-0.268779 2.39638
-0.289227 2.46985
-0.344005 2.88344
-0.351177 2.87059
0 0
0 0
0 0
-0.17965 1.75428
-0.358312 3.39814
-0.154047 1.4194
0 0
-0.298681 2.64551
-0.129856 1.12026
-0.175933 1.47114
-0.566919 4.68508
-0.230165 1.86476
-0.370907 2.88829
-0.256202 1.98033
-0.340695 2.58356
-0.290431 2.07841
0 0
0 0
0 0
0 0
-0.228938 2.55601
0 0
-0.222256 2.37481
-0.178269 1.85392
-0.427572 4.32799
-0.173398 1.747
-0.427489 4.20357
-0.283365 2.75266
-0.400377 3.76012
-0.315138 2.95156
-0.329035 2.97475
-0.268118 2.34975
0 0
0 0
0 0
0 0
0 0
-0.847689 9.71956
0 0
-0.255543 2.8326
-0.440253 4.78643
-0.219577 2.34709
-0.395361 4.09543
-0.392974 3.99355
-0.171508 1.7391
-0.409699 4.09311
-0.377012 3.67864
-0.352542 3.37522
0 0
0 0
0 0
0 0
0 0
0 0
0 0
0 0
-0.347786 3.69734
0 0
0 0
-0.299309 3.14464
0 0
0 0
0 0
0 0
0 0
0 0
0 0
0 0
-0.211385 2.01965
-0.197763 1.82724
-0.138234 1.31556
-1.81687 17.8017
0 0
0 0
0 0
0 0
0 0
0 0
0 0
0 0
0 0
-0.33332 2.93594
-0.520057 4.61973
-0.924689 8.48092
0 0
-0.317473 3.01072
-0.614499 6.05996
0 0
0 0
-0.308894 3.14353
-0.989398 10.5443
0 0
0 0
0 0
0 0
0 0
-0.182958 1.8649
-0.127471 1.32899
0 0
0 0
-0.139305 1.48097
-0.0852408 0.914648
0 0
-0.0820864 0.895501
-0.113486 1.23144
-0.110878 1.19793
-0.171716 1.87605
-0.984492 10.7014
0 0
0 0
0 0
0 0
-0.337595 2.76704
-0.223708 1.96441
-0.237339 2.10597
-0.180029 1.63882
-0.213755 1.95844
-0.273034 2.55857
-0.277693 2.65119
-0.094639 0.923837
-0.169313 1.67015
-0.27711 2.80816
-0.0335832 0.346901
-0.283945 2.92781
-0.383605 4.15265
0 0
0 0
0 0
-0.326409 2.54371
-0.33047 2.63807
-0.271426 2.25241
-0.279573 2.37602
-0.213836 1.83689
-0.277231 2.44819
-0.271864 2.45555
-0.180446 1.66667
-0.27969 2.63108
-0.240524 2.29296
-0.177844 1.73565
-0.00876638 0.0857966
-0.29935 3.05203
-0.38844 4.15354
0 0
0 0
-0.356659 3.02332
-0.351029 3.07389
-0.354215 3.17794
-0.335288 3.03982
-0.366491 3.41486
-0.36748 3.51108
-0.305544 2.92307
-0.347648 3.41175
-0.287779 2.83461
-0.204534 2.04916
-0.261498 2.65218
-0.174798 1.8049
-0.434496 4.60277
-0.367758 3.94964
0 0
0 0
-0.349305 2.76577
-0.413845 3.36612
-0.305613 2.59003
-0.324689 2.80072
-0.313302 2.75349
-0.320258 2.87966
-0.346526 3.11218
-0.296413 2.71867
-0.28608 2.69371
-0.250119 2.38246
-0.225696 2.17238
-0.128764 1.25399
-0.26611 2.65084
0 0
-0.40888 4.31407
0 0
-0.374321 2.77032
-0.369946 2.88298
-0.408826 3.27202
-0.315189 2.58363
-0.331208 2.82281
-0.293222 2.52152
-0.348371 3.03397
-0.261431 2.33528
-0.323068 2.95443
-0.289169 2.68493
-0.209787 1.97568
-0.368684 3.53165
-0.307273 3.02106
-0.643247 6.41338
-0.69156 7.18761
0 0
-0.374533 2.65646
-0.36609 2.74621
-0.400698 3.05999
-0.395125 3.07893
-0.34413 2.76844
-0.394471 3.25082
-0.296245 2.49754
-0.271203 2.3324
-0.303167 2.68318
-0.257833 2.31483
-0.322243 2.92633
-0.328654 3.05668
-0.333769 3.18135
-0.236195 2.28257
-0.273194 2.71862
-0.342047 3.55443
-0.401153 3.09977
-0.3935 3.16389
-0.315929 2.60044
-0.3164 2.6629
-0.311272 2.66669
-0.30302 2.66754
-0.285468 2.55417
-0.310869 2.83859
-0.305534 2.81159
-0.306792 2.86147
-0.22792 2.15178
-0.248497 2.37931
-0.29298 2.87197
-0.098395 0.976104
-0.281255 2.87443
-0.720513 7.68603
-0.403149 2.73895
-0.398724 2.84143
-0.377538 2.78207
-0.379766 2.88208
-0.329962 2.5234
-0.378422 3.01413
-0.32133 2.64298
-0.309011 2.57039
-0.304721 2.58384
-0.247981 2.13036
-0.28862 2.5313
-0.287754 2.59108
-0.339845 3.12197
-0.212329 1.99554
-0.277063 2.67256
-0.149523 1.51757
-0.414884 2.9752
-0.383584 2.8838
-0.397072 3.05333
-0.414166 3.29164
-0.402742 3.28025
-0.326165 2.75272
-0.325098 2.77352
-0.330597 2.87699
-0.300306 2.66607
-0.283903 2.55252
-0.330378 3.0149
-0.301567 2.83328
-0.311215 2.94578
-0.333319 3.24244
-0.263286 2.62232
-0.0769132 0.812967
-0.24501 1.68802
-0.246948 1.81107
-0.226749 1.71062
-0.197959 1.56949
-0.221193 1.8316
-0.169603 1.5718
-0.176426 1.70051
-0.219843 2.17421
-0.211269 2.13344
-0.217437 2.23353
-0.182207 1.91897
-0.21699 2.34839
-0.232818 2.61904
-0.244116 2.83003
-0.163209 1.94442
-0.106503 1.33516
-0.38046 2.68428
-0.377574 2.82323
-0.408227 3.13655
-0.375197 2.96612
-0.411391 3.31798
-0.370494 3.037
-0.348509 2.89478
-0.356154 3.04391
-0.353922 3.07162
-0.349852 3.06591
-0.322654 2.90726
-0.337777 3.11763
-0.381691 3.56994
-0.36974 3.54229
-0.364258 3.55756
-0.369963 3.73293
-0.336545 2.58744
-0.325208 2.58646
-0.346282 2.83264
-0.318289 2.67667
-0.319158 2.76681
-0.311972 2.7637
-0.322414 2.92064
-0.318838 2.93661
-0.317992 2.984
-0.336246 3.20898
-0.289675 2.80235
-0.345048 3.39258
-0.372766 3.7618
-0.363214 3.71347
-0.395813 4.12486
-0.276744 2.98461
0 0
-0.408818 2.90677
-0.367565 2.73051
-0.36613 2.83034
-0.36878 2.9464
-0.363278 2.98097
-0.355599 2.92916
-0.34885 2.96873
-0.343413 2.97557
-0.356807 3.1856
-0.370151 3.36085
-0.381498 3.51665
-0.371937 3.51763
-0.431146 4.14781
-0.403963 4.01036
-0.406399 4.19166
-0.318179 2.75237
-0.294648 2.64756
-0.339973 3.14616
-0.350316 3.31082
-0.273034 2.63253
-0.372322 3.66349
-0.313918 3.16575
-0.379735 3.91063
-0.38912 4.09364
0 0
0 0
0 0
0 0
0 0
0 0
0 0
-0.347987 3.16102
-0.320128 3.02383
-0.278251 2.67774
-0.345322 3.43591
-0.391481 3.95566
-0.339137 3.49886
-0.266847 2.80345
-0.328961 3.519
-0.341675 3.72949
-0.513206 5.73696
-0.505604 5.80226
0 0
0 0
0 0
0 0
0 0
-0.256495 2.20653
-0.260297 2.35858
-0.244956 2.28359
-0.27431 2.60637
-0.224208 2.16543
-0.259135 2.53344
-0.212923 2.12199
-0.241489 2.4521
-0.241313 2.46673
-0.224039 2.34713
-0.227172 2.393
-0.296096 3.20126
0 0
0 0
0 0
0 0
-0.345189 2.6003
-0.279377 2.18439
-0.339699 2.72706
-0.308674 2.58286
-0.280431 2.36372
-0.277418 2.39029
-0.26312 2.34044
-0.24421 2.2322
-0.248434 2.30468
-0.243381 2.30543
-0.206812 2.00361
-0.24545 2.45742
-0.35816 3.6991
0 0
0 0
0 0
-0.396346 2.51108
-0.354239 2.54316
-0.413378 3.07979
-0.329846 2.52555
-0.318287 2.48307
-0.341329 2.72258
-0.345424 2.82823
-0.355784 2.97248
-0.349253 2.98761
-0.278068 2.41294
-0.275566 2.48367
-0.266557 2.4652
-0.31275 3.03692
-0.344992 3.40146
0 0
0 0
-0.351744 2.6416
-0.35143 2.74844
-0.348623 2.83142
-0.324432 2.74164
-0.329331 2.82781
-0.31002 2.71853
-0.287793 2.5866
-0.306075 2.815
-0.28645 2.68848
-0.309845 2.95599
-0.290139 2.84537
-0.297065 2.96517
-0.255812 2.60005
-0.283906 3.00511
-0.331333 3.63578
0 0
-0.397975 2.90588
-0.406795 3.11237
-0.42034 3.36263
-0.39044 3.20016
-0.382224 3.26102
-0.329791 2.90627
-0.342522 3.11799
-0.281347 2.5875
-0.33758 3.16825
-0.309371 2.961
-0.317913 3.10447
-0.317998 3.20324
-0.323115 3.29833
-0.326215 3.44868
-0.42571 4.68336
0 0
-0.371943 2.47073
-0.365473 2.55433
-0.380276 2.78954
-0.386057 2.94379
-0.346743 2.69367
-0.367649 2.96513
-0.368849 3.04744
-0.328516 2.78976
-0.291723 2.54734
-0.301507 2.6461
-0.307707 2.78329
-0.320353 2.98824
-0.309983 2.99184
-0.295682 2.9762
-0.2757 2.85696
-0.3563 3.88976
-0.372006 2.2208
-0.393122 2.4356
-0.369666 2.30403
-0.356116 2.37286
-0.359184 2.49659
-0.348896 2.55075
-0.32141 2.38914
-0.306214 2.35027
-0.306743 2.44333
-0.351984 2.83574
-0.305521 2.55741
-0.300618 2.56463
-0.305367 2.71016
-0.288037 2.65328
-0.304842 2.89729
-0.43676 4.40929
-0.364591 2.2806
-0.354439 2.34717
-0.355163 2.46452
-0.348773 2.49658
-0.348941 2.60034
-0.364224 2.77975
-0.366153 2.8518
-0.356385 2.86863
-0.356036 2.92575
-0.319448 2.68908
-0.299601 2.56911
-0.295488 2.66285
-0.319294 2.9418
-0.303185 2.87253
-0.282355 2.77477
-0.395112 4.11722
-0.369326 2.3616
-0.378969 2.4768
-0.363754 2.46581
-0.373395 2.64712
-0.344631 2.54037
-0.349726 2.65759
-0.355104 2.75758
-0.343056 2.76675
-0.299631 2.515
-0.28185 2.37507
-0.290478 2.52418
-0.296677 2.67
-0.297942 2.79032
-0.292468 2.80074
-0.353224 3.50585
-0.432371 4.47848
-0.243767 1.54582
-0.249362 1.65779
-0.278779 1.91551
-0.246352 1.81119
-0.238233 1.81886
-0.200945 1.57127
-0.204282 1.71507
-0.187537 1.59413
-0.162407 1.42193
-0.168657 1.54522
-0.144911 1.35869
-0.0824213 0.800767
-0.15614 1.59326
-0.182475 1.96005
-0.128431 1.45059
-0.300482 3.63333
-0.36672 2.33281
-0.387713 2.60399
-0.408071 2.8273
-0.40301 2.89938
-0.418136 3.08515
-0.396774 3.02915
-0.404279 3.1357
-0.41943 3.3543
-0.357804 2.92208
-0.337935 2.82358
-0.327412 2.82066
-0.303341 2.70802
-0.363922 3.35196
-0.395501 3.78185
-0.337013 3.33031
-0.442346 4.56809
-0.313465 2.1065
-0.381232 2.61807
-0.365646 2.67209
-0.388176 2.96169
-0.380942 2.96671
-0.387233 3.10679
-0.392781 3.21383
-0.344612 2.87848
-0.322739 2.7486
-0.329674 2.88898
-0.315328 2.80915
-0.310798 2.84153
-0.288745 2.72231
-0.287339 2.75615
-0.350664 3.46544
-0.476519 4.93673
-0.274702 1.75356
-0.272854 1.82775
-0.359358 2.5816
-0.345016 2.59691
-0.354585 2.72881
-0.333109 2.66385
-0.3436 2.81826
-0.298959 2.46384
-0.299408 2.56668
-0.300596 2.63572
-0.274334 2.43864
-0.281836 2.60273
-0.220829 2.08841
-0.238785 2.32217
-0.326892 3.29151
-0.388509 4.16593
0 0
-0.151109 1.87659
-0.128039 1.94224
-0.133304 2.04961
-0.145415 2.29751
-0.138004 2.21713
-0.146139 2.40016
-0.175545 2.94108
-0.148777 2.52729
-0.164813 2.84073
-0.177689 3.11602
-0.193231 3.44036
-0.189284 3.43667
-0.15965 2.95604
-0.178016 3.35354
-0.244746 4.74754
-0.363425 3.81268
-0.343681 3.41529
-0.292553 2.83867
-0.297284 2.80735
-0.314123 2.88915
-0.312764 2.81958
-0.301813 2.70009
-0.30641 2.65641
-0.310423 2.6186
-0.313358 2.57964
-0.336993 2.76785
-0.333224 2.64337
-0.338649 2.60725
-0.336416 2.47363
-0.150808 1.0406
0 0
-0.419205 4.49447
-0.315701 3.20357
-0.328023 3.23288
-0.308578 2.97841
-0.293855 2.76111
-0.297278 2.73534
-0.31353 2.83676
-0.325475 2.86305
-0.312172 2.72763
-0.307486 2.59911
-0.343584 2.82319
-0.330922 2.64968
-0.334444 2.61789
-0.33646 2.51919
-0.331953 2.39561
-0.311885 2.22892
-0.526366 5.46235
-0.423614 4.19639
-0.426062 4.07571
-0.352259 3.27591
-0.355065 3.19551
-0.34917 3.07508
-0.356254 3.07252
-0.372253 3.14119
-0.361464 2.99396
-0.41218 3.33062
-0.368554 2.90567
-0.386849 2.9737
-0.385395 2.8711
-0.375108 2.61016
-0.28684 1.93957
-0.271244 1.77385
-0.405096 4.37543
-0.363981 3.73858
-0.326156 3.26621
-0.282312 2.78719
-0.287096 2.74648
-0.261276 2.43784
-0.295186 2.69286
-0.307689 2.7873
-0.286709 2.49157
-0.290957 2.46204
-0.372734 3.06845
-0.365844 2.93061
-0.397546 3.06778
-0.372745 2.7715
-0.374316 2.67281
-0.309861 2.08362
-0.505176 5.1167
-0.396867 3.79904
-0.356674 3.32562
-0.430238 3.83959
-0.392312 3.40229
-0.33616 2.79801
-0.415496 3.40057
-0.396763 3.18194
-0.360393 2.84576
-0.343118 2.62705
-0.377113 2.7831
-0.361554 2.59202
-0.365833 2.52832
-0.337048 2.22185
-0.298552 1.89687
-0.273308 1.69065
-0.430518 4.56159
-0.26802 2.7275
-0.338196 3.35465
-0.320845 3.09844
-0.371879 3.49935
-0.311171 2.86962
-0.347696 3.18008
-0.328772 2.93073
-0.340146 2.978
-0.347994 2.97262
-0.332714 2.75345
-0.383231 3.1043
-0.394085 3.08634
-0.382449 2.89887
-0.402394 2.92737
-0.372912 2.54467
-0.389277 4.34365
-0.295595 3.17505
-0.287132 2.98628
-0.287187 2.9244
-0.298543 2.99347
-0.25989 2.51539
-0.27286 2.59712
-0.279527 2.62144
-0.299661 2.74489
-0.309524 2.7553
-0.31156 2.71951
-0.298065 2.54581
-0.325404 2.71769
-0.370565 2.95816
-0.363694 2.82539
-0.39009 2.85881
-0.5206 5.77893
-0.379524 4.04573
-0.300238 3.10946
-0.326695 3.34718
-0.330913 3.30736
-0.32635 3.21771
-0.332704 3.20327
-0.339529 3.18612
-0.346317 3.19106
-0.342815 3.11907
-0.33764 2.99119
-0.34723 3.00442
-0.364553 3.09446
-0.399117 3.24742
-0.414833 3.24588
-0.393099 2.90051
-0.100882 1.15838
-0.120747 1.33149
-0.185129 1.95465
-0.1774 1.85059
-0.156606 1.56527
-0.174984 1.74547
-0.181113 1.7918
-0.226607 2.17372
-0.217765 2.06322
-0.226851 2.0979
-0.261598 2.36455
-0.252475 2.25211
-0.264028 2.2716
-0.350349 2.90118
-0.350702 2.8076
-0.365236 2.75589
0 0
-0.335992 3.51349
-0.232691 2.33105
-0.25431 2.46839
-0.261472 2.45733
-0.256996 2.36343
-0.315175 2.84321
-0.27598 2.46224
-0.2742 2.39069
-0.337612 2.88199
-0.305075 2.57963
-0.344385 2.80906
-0.352658 2.81443
-0.340679 2.6319
-0.347529 2.58611
-0.340509 2.40402
0 0
-0.265226 2.97742
-0.300285 3.21647
-0.28539 2.9872
-0.26317 2.67118
-0.219471 2.18687
-0.275066 2.70818
-0.278538 2.7305
-0.299982 2.86826
-0.296321 2.82687
-0.30898 2.86226
-0.310969 2.82108
-0.336976 3.01611
-0.352196 3.0316
-0.348133 2.8529
-0.36346 2.88844
0 0
0 0
-0.2895 2.84642
-0.214827 2.02315
-0.279303 2.51453
-0.249662 2.19607
-0.240904 2.09396
-0.239263 2.05137
-0.382425 3.15396
-0.364971 2.94862
-0.354202 2.80859
-0.380741 2.94299
-0.422826 3.21478
-0.358855 2.63015
-0.376973 2.70477
-0.345969 2.37016
0 0
0 0
0 0
-0.332464 3.66244
-0.194652 2.09564
-0.229659 2.42104
-0.17753 1.82196
-0.221168 2.22961
-0.241612 2.40354
-0.239782 2.34231
-0.242354 2.32965
-0.261923 2.48917
-0.305105 2.79358
-0.278134 2.48087
-0.281376 2.42894
-0.405839 3.35997
0 0
0 0
0 0
0 0
-0.199785 2.20738
-0.291884 3.19129
-0.240622 2.5855
-0.303462 3.1975
-0.257118 2.67954
-0.278332 2.83862
-0.289736 2.93298
-0.285777 2.83071
-0.279466 2.6827
-0.279496 2.64722
-0.307288 2.84208
-0.293462 2.61891
0 0
0 0
0 0
0 0
0 0
-0.42842 4.5275
-0.341282 3.43962
-0.34986 3.45592
-0.312632 2.99039
-0.331067 3.11012
-0.290662 2.64035
-0.333681 2.96167
-0.330589 2.85444
-0.341811 2.80256
-0.353212 2.87258
-0.365179 2.82004
0 0
0 0
0 0
0 0
0 0
0 0
0 0
-0.126023 1.31744
-0.168807 1.6743
-0.182515 1.77539
-0.193172 1.83195
-0.097812 0.901088
-0.200522 1.81418
-0.221656 1.94186
-0.192241 1.65663
-0.329351 2.72111
-0.245511 2.3414
-0.226593 2.23147
-0.263846 2.63655
-0.167383 1.73471
-0.210789 2.21053
0 0
-0.111002 1.20077
-0.276312 3.04216
-0.368459 4.0707
0 0
0 0
0 0
0 0
0 0
0 0
0 0
-0.3035 2.73943
-0.300354 2.83774
-0.280076 2.69762
-0.297883 2.97273
-0.211149 2.13392
-0.24874 2.55472
-0.17073 1.78488
-0.298206 3.15482
-0.561806 5.95769
0 0
-0.06871 0.769687
0 0
0 0
0 0
0 0
0 0
-0.314029 3.00402
-0.307274 3.0165
-0.302996 3.0341
-0.303735 3.12888
-0.265973 2.7846
-0.288875 3.09652
-0.269728 2.90636
-0.261275 2.8435
-0.210399 2.3192
-0.235983 2.64261
-0.190361 2.15359
0 0
0 0
0 0
0 0
0 0
-0.388336 3.18973
-0.298689 2.50495
-0.299486 2.61773
-0.305446 2.72833
-0.273147 2.50525
-0.237239 2.20761
-0.242837 2.32104
-0.229874 2.24688
-0.225892 2.27389
-0.225816 2.31869
-0.216943 2.22503
-0.0285057 0.297175
-0.198393 2.17462
0 0
0 0
0 0
-0.335855 2.74057
-0.340618 2.86189
-0.321903 2.79504
-0.314376 2.80746
-0.294472 2.67632
-0.293167 2.72578
-0.31616 2.99531
-0.308943 2.97816
-0.294002 2.88294
-0.301198 2.99385
-0.262831 2.65056
-0.24961 2.54079
-0.222873 2.34726
-0.0428012 0.461528
0 0
0 0
-0.314511 2.7458
-0.307889 2.77883
-0.306791 2.83959
-0.319865 3.05586
-0.306616 2.97268
-0.313149 3.10207
-0.317272 3.17028
-0.247053 2.53322
-0.282927 2.94959
-0.28001 2.99238
-0.275657 2.9589
-0.303781 3.33979
0 0
-0.398881 4.59877
-0.395239 4.64105
0 0
-0.347066 2.48916
-0.345481 2.65438
-0.339377 2.67373
-0.324103 2.63767
-0.362532 2.97098
-0.301222 2.49948
-0.290614 2.49275
-0.272112 2.3833
-0.24334 2.16862
-0.240766 2.20444
-0.24544 2.29545
-0.241641 2.27816
-0.166742 1.63117
-0.371866 3.79226
-0.240833 2.52431
0 0
-0.388268 2.59973
-0.379946 2.65268
-0.331303 2.24729
-0.339655 2.4755
-0.315957 2.39569
-0.309506 2.34001
-0.378398 3.0102
-0.321342 2.59882
-0.28928 2.41642
-0.260929 2.22889
-0.257325 2.22688
-0.239432 2.15681
-0.0647923 0.597304
-0.4833 4.64718
-0.214126 2.11351
-0.0931229 0.939371
-0.361256 2.44899
-0.355421 2.56199
-0.371595 2.7594
-0.376968 2.88294
-0.36716 2.87604
-0.358704 2.9205
-0.272275 2.23032
-0.257066 2.23621
-0.256783 2.29869
-0.23616 2.15919
-0.249624 2.33456
-0.216513 2.03063
-0.206253 2.06905
-0.0978227 1.00002
0 0
0 0
-0.376016 2.74452
-0.335205 2.57859
-0.334446 2.6614
-0.313436 2.58249
-0.306249 2.60226
-0.309283 2.71373
-0.305609 2.73935
-0.289822 2.66368
-0.296881 2.80438
-0.296839 2.86703
-0.305601 3.00343
-0.225936 2.26466
-0.332452 3.43444
-0.0687758 0.730394
-0.171243 1.89316
0 0
-0.416949 2.9968
-0.423796 3.17406
-0.428406 3.32555
-0.41259 3.33331
-0.353828 2.96881
-0.328026 2.82688
-0.353215 3.16765
-0.349868 3.17426
-0.376554 3.46559
-0.357559 3.3906
-0.326125 3.11503
-0.391249 3.80435
-0.319351 3.19965
-0.319321 3.30242
-0.275734 2.90442
0 0
-0.312072 1.97351
-0.327564 2.09398
-0.353209 2.3411
-0.392191 2.71409
-0.370574 2.64322
-0.375175 2.7835
-0.406267 3.10377
-0.398512 3.10648
-0.398383 3.21008
-0.370236 3.0405
-0.354098 3.01815
-0.316874 2.76667
-0.260751 2.34341
-0.336038 3.13617
0 0
-0.53176 5.23236
-0.307251 2.0326
-0.321595 2.17276
-0.338103 2.43611
-0.375668 2.73223
-0.399363 2.98082
-0.351771 2.7423
-0.415586 3.25343
-0.343142 2.84339
-0.319359 2.62708
-0.315908 2.69496
-0.299396 2.62759
-0.289897 2.61079
-0.218351 2.0237
-0.352765 3.39689
-0.171279 1.67638
0 0
-0.354801 2.36787
-0.35811 2.54436
-0.356227 2.67701
-0.371985 2.88092
-0.347616 2.78754
-0.355413 2.90928
-0.33855 2.83833
-0.348985 2.9942
-0.343957 3.02576
-0.351748 3.15618
-0.363751 3.35271
-0.348312 3.27234
-0.378331 3.62455
-0.34461 3.38574
-0.224906 2.29185
0 0
-0.259605 1.63163
-0.266597 1.69809
-0.273493 1.75781
-0.349151 2.00595
-0.339421 2.45069
-0.350229 2.57672
-0.338024 2.58378
-0.33245 2.63717
-0.351561 2.84192
-0.324724 2.69339
-0.334108 2.84263
-0.338629 2.99283
-0.265366 2.41159
-0.411313 3.85664
-0.200315 1.96542
0 0
0 0
-0.304264 2.74376
-0.301864 2.76846
-0.277963 2.61686
-0.294674 2.82899
-0.267868 2.6251
-0.260222 2.59528
-0.20994 2.12665
-0.225472 2.32158
-0.249645 2.60324
-0.188301 1.97801
-0.216912 2.32959
-0.234799 2.56492
-0.353701 3.93707
-0.448445 5.04546
0 0
0 0
-0.471296 4.65982
-0.305167 2.90128
-0.33911 3.16683
-0.307283 2.80072
-0.310867 2.76058
-0.344772 2.99871
-0.354313 3.04027
-0.345776 2.82734
-0.367356 2.9892
-0.367342 2.95242
-0.371533 2.87535
-0.369681 2.77012
-0.372964 2.67166
-0.373605 2.56436
0 0
0 0
0 0
-0.340642 3.29197
-0.226369 2.13761
-0.266361 2.43789
-0.308715 2.77232
-0.295666 2.59166
-0.230158 1.99558
-0.290809 2.46109
-0.317861 2.67363
-0.317245 2.56656
-0.362624 2.86939
-0.337436 2.59192
-0.360272 2.67042
-0.361804 2.61357
-0.388733 2.77762
0 0
-0.309707 3.25034
-0.507922 5.12141
-0.285744 2.80061
-0.337458 3.26531
-0.33513 3.13916
-0.331775 3.05806
-0.305392 2.76743
-0.324248 2.88197
-0.335865 2.88796
-0.31267 2.61604
-0.380723 3.11713
-0.346096 2.79746
-0.356491 2.76333
-0.360868 2.71411
-0.36253 2.5606
0 0
-0.202958 2.20495
-0.0842899 0.896501
-0.141517 1.4912
-0.217598 2.23474
-0.217105 2.18995
-0.250507 2.50819
-0.224421 2.19534
-0.251139 2.43853
-0.252724 2.40328
-0.268359 2.48375
-0.263318 2.4031
-0.268623 2.39444
-0.278285 2.3966
-0.295644 2.45678
-0.343459 2.78844
-1.37903 14.5469
-0.266765 2.75309
-0.256501 2.59404
-0.282427 2.78216
-0.224797 2.12677
-0.29115 2.7013
-0.27709 2.50412
-0.309721 2.75096
-0.295846 2.57833
-0.29765 2.52347
-0.297511 2.46857
-0.336863 2.69904
-0.331135 2.60794
-0.340028 2.5986
-0.349242 2.57381
-0.358745 2.27532
-0.279887 2.99428
-0.10725 1.12528
-0.379085 3.89196
-0.203185 2.05218
-0.356139 3.53177
-0.323588 3.14923
-0.36367 3.4891
-0.344349 3.26141
-0.343706 3.2209
-0.348582 3.21594
-0.361859 3.30371
-0.344849 3.07344
-0.343227 3.00034
-0.323285 2.7635
-0.341388 2.81395
-0.361203 2.91692
-0.139542 1.49523
-0.449651 4.69815
-0.203374 2.05162
-0.317327 3.1141
-0.286741 2.73223
-0.282048 2.61944
-0.264259 2.40365
-0.31964 2.82106
-0.289585 2.50563
-0.320125 2.72213
-0.333561 2.72937
-0.373789 2.99133
-0.36152 2.80555
-0.339347 2.55769
-0.379059 2.74247
-0.328174 2.21948
-0.413137 4.34054
-0.394831 3.94353
-0.379876 3.71171
-0.253003 2.38132
-0.359105 3.24667
-0.303843 2.66556
-0.299514 2.56783
-0.340642 2.80181
-0.291746 2.35085
-0.31097 2.45918
-0.31898 2.41917
-0.335825 2.44345
-0.325445 2.32595
-0.304261 2.13014
-0.293457 1.88823
-0.340049 2.22013
0 0
-0.705851 7.80749
-0.273642 2.9645
-0.323328 3.42058
-0.159727 1.65409
-0.303437 3.07036
-0.280791 2.80018
-0.372888 3.65322
-0.349623 3.37926
-0.348911 3.29051
-0.318094 2.92259
-0.377614 3.3733
-0.332601 2.90199
-0.40163 3.32025
-0.443211 3.58271
-0.450412 3.45516
0 0
-0.159649 1.76518
-0.0572575 0.594668
-0.129961 1.30724
-0.37913 3.70924
-0.21283 2.04038
-0.264736 2.51586
-0.274241 2.54999
-0.338517 3.03147
-0.344162 3.01607
-0.297909 2.54056
-0.35141 2.86845
-0.382004 3.08834
-0.392046 3.06893
-0.370093 2.78488
-0.370482 2.56701
0 0
0 0
-0.586089 6.3097
-0.498716 5.17797
-0.161162 1.63388
-0.321924 3.15648
-0.328985 3.21512
-0.34595 3.35674
-0.316941 2.98653
-0.31343 2.89894
-0.363579 3.32407
-0.342633 3.02287
-0.362314 3.13427
-0.348939 2.91892
-0.330773 2.65851
-0.341112 2.65482
0 0
0 0
-0.454814 4.4979
-0.0837303 0.806674
-0.0835903 0.757474
-0.217101 1.89169
-0.338938 2.91891
-0.253189 2.13573
-0.275481 2.24457
-0.310051 2.47947
-0.332629 2.60728
-0.338186 2.58227
-0.379131 2.80692
-0.261303 1.88784
-0.356528 2.47351
-0.393722 2.60617
0 0
0 0
0 0
-0.0804092 0.812125
0 0
-0.3475 3.29103
-0.280624 2.60599
-0.139604 1.27838
-0.26266 2.38567
-0.256788 2.24161
-0.277652 2.3702
-0.260496 2.12628
-0.38424 3.1344
-0.387379 3.10343
-0.387989 3.00376
-0.402577 3.04175
0 0
0 0
0 0
0 0
-0.413203 4.29078
-0.319863 3.34571
-0.414816 4.1316
-0.883044 8.97825
-0.138268 1.33136
-0.160779 1.54201
0 0
-0.213925 1.95803
-0.368969 3.29743
-0.146005 1.28395
-0.268698 2.28622
-0.317697 2.62993
0 0
0 0
0 0
0 0
0 0
-0.237608 2.46128
0 0
-0.388525 3.95554
-0.488758 4.90028
-0.48218 4.71199
-0.345387 3.32558
-0.27019 2.5365
-0.230964 2.13744
-0.342583 3.09467
-0.311333 2.69091
-0.331741 2.79152
0 0
0 0
0 0
0 0
0 0
0 0
0 0
0 0
-0.413793 4.32913
-0.0737433 0.758456
-0.526725 5.21449
-0.148999 1.44785
-0.0317593 0.298334
-0.103015 0.962281
-0.0640771 0.591066
-0.104854 0.925048
