#generated with run 9048
0 0
-0.294255 2.7471
-0.226369 2.09493
-0.348168 3.13551
-0.368517 3.22641
-0.333477 2.87543
-0.32836 2.81816
-0.403381 3.36296
-0.416645 3.38934
-0.365431 2.93714
-0.34729 2.71878
-0.388966 2.99795
-0.360873 2.70284
-0.311304 2.22505
0 0
0 0
0 0
-0.359006 3.2933
-0.430983 3.8072
-0.395039 3.40706
-0.364699 3.02838
-0.484259 3.92538
-0.431677 3.39822
-0.401877 3.10119
-0.376854 2.85417
-0.396303 2.90201
-0.367165 2.62213
-0.355899 2.38897
-0.34019 2.19472
-0.360394 2.27345
-0.270666 1.63967
-0.499651 2.67293
0 0
-0.308299 3.18621
-0.352932 3.55775
-0.365989 3.58308
-0.345273 3.34686
-0.304071 2.89153
-0.347915 3.27583
-0.318276 2.95174
-0.317078 2.89722
-0.327056 2.96992
-0.339607 2.9949
-0.321424 2.79139
-0.338846 2.8364
-0.366739 3.03884
-0.352197 2.84852
-0.392319 3.06655
0 0
-0.322944 3.15153
-0.315295 2.99287
-0.316518 2.88809
-0.268338 2.38106
-0.28784 2.50299
-0.270216 2.28079
-0.292722 2.48224
-0.389889 3.15851
-0.379543 3.02447
-0.356715 2.80695
-0.379915 2.88853
-0.335877 2.47908
-0.389337 2.80183
-0.377074 2.62298
-0.375587 2.48724
0 0
-0.509719 4.77764
-0.395416 3.64602
-0.486812 4.35872
-0.380189 3.33678
-0.365435 3.10318
-0.353576 2.93009
-0.432745 3.51843
-0.497706 3.98307
-0.409806 3.20639
-0.460361 3.50239
-0.407129 3.02964
-0.440467 3.18193
-0.42211 2.99485
-0.379873 2.57696
-0.402989 2.60528
0 0
0 0
-0.346767 3.13361
-0.395919 3.47851
-0.45525 3.9151
-0.343366 2.84832
-0.44485 3.64378
-0.332587 2.69885
-0.398904 3.13737
-0.400611 3.07875
-0.406716 3.066
-0.388439 2.86271
-0.373869 2.6744
-0.414109 2.8736
-0.408886 2.74908
-0.431155 2.82659
0 0
0 0
-0.336625 3.26361
-0.344491 3.27447
-0.354152 3.231
-0.327848 2.9434
-0.336386 2.94336
-0.355431 3.05441
-0.375496 3.15827
-0.386139 3.17466
-0.368268 2.97059
-0.364488 2.84652
-0.443862 3.39581
-0.377866 2.76563
-0.416472 3.00051
-0.296501 1.97659
0 0
0 0
-0.292869 2.76578
-0.323883 2.97881
-0.298456 2.69997
-0.279399 2.45403
-0.286246 2.49785
-0.317837 2.72284
-0.354258 2.89603
-0.409716 3.32224
-0.325133 2.58937
-0.400885 3.08255
-0.332637 2.52004
-0.356881 2.60321
-0.386734 2.71734
-0.420797 2.85018
0 0
0 0
-0.424564 4.1682
-0.313725 3.02909
-0.321396 3.0304
-0.311883 2.87091
-0.276852 2.52038
-0.323052 2.87197
-0.335191 2.90054
-0.299123 2.5234
-0.290368 2.3611
-0.332678 2.66133
-0.34758 2.66577
-0.324254 2.40666
-0.340551 2.42856
-0.350749 2.31733
0 0
0 0
0 0
-0.399609 4.05104
-0.444971 4.4372
-0.331134 3.23624
-0.360681 3.48043
-0.380405 3.64585
-0.340986 3.19175
-0.335675 3.09858
-0.331204 3.01366
-0.354567 3.14269
-0.33643 2.93043
-0.354381 2.98885
-0.350571 2.92413
-0.389153 3.07963
0 0
0 0
0 0
-0.273555 2.59855
-0.329307 3.05165
-0.450988 4.07641
-0.361039 3.2243
-0.296503 2.58755
-0.3825 3.30275
-0.334646 2.8093
-0.330654 2.709
-0.403374 3.21367
-0.358967 2.78391
-0.358977 2.72551
-0.460149 3.41699
-0.372369 2.62495
0 0
0 0
0 0
0 0
-0.355772 3.52859
-0.33652 3.29927
-0.23513 2.24743
-0.191129 1.82658
-0.305203 2.86742
-0.262042 2.4012
-0.286226 2.55256
-0.325863 2.88421
-0.271879 2.32213
-0.276543 2.28807
-0.338468 2.7791
-0.32305 2.54062
0 0
0 0
0 0
0 0
0 0
-0.132361 1.17812
-0.274371 2.46574
-0.314746 2.78713
-0.302243 2.58979
-0.256449 2.15615
-0.36464 2.97696
-0.416976 3.40064
-0.414339 3.28943
-0.274348 2.1354
-0.371127 2.87825
-0.389126 2.88546
0 0
0 0
0 0
0 0
0 0
0 0
0 0
-0.304065 2.98199
-0.346981 3.27143
-0.319237 2.91058
-0.305015 2.69091
-0.235972 2.02529
-0.354799 2.97039
-0.174047 1.43347
-0.301368 2.4162
-0.303165 2.30293
0 0
0 0
0 0
0 0
0 0
0 0
0 0
0 0
0 0
0 0
0 0
-0.222228 1.98889
-0.272209 2.40661
-0.25037 2.26335
-0.306253 2.60427
-0.325478 2.62452
0 0
0 0
0 0
0 0
0 0
0 0
0 0
0 0
0 0
0 0
0 0
0 0
0 0
0 0
0 0
0 0
0 0
0 0
0 0
0 0
0 0
0 0
0 0
0 0
0 0
0 0
0 0
0 0
0 0
0 0
0 0
0 0
-0.33172 2.75089
-0.396511 3.31616
-0.297747 2.55455
-0.29992 2.74062
-0.306213 2.74703
0 0
0 0
0 0
0 0
0 0
0 0
0 0
0 0
0 0
0 0
0 0
-0.350219 2.29718
-0.415977 2.76472
-0.203933 1.40691
-0.444516 3.15371
-0.385928 2.75512
-0.304738 2.19355
-0.330478 2.45738
-0.436012 3.36934
0 0
0 0
0 0
0 0
0 0
0 0
0 0
0 0
-0.351636 2.74594
-0.343064 2.81618
-0.437237 3.60311
-0.305997 2.60541
-0.305944 2.66075
-0.246678 2.18565
-0.243153 2.16746
-0.240246 2.18759
-0.294614 2.71715
-0.318264 2.98048
-0.0836701 0.800619
0 0
0 0
0 0
0 0
0 0
-0.401868 2.67774
-0.291149 2.09906
-0.407664 3.0357
-0.362478 2.74244
-0.413251 3.19276
-0.48187 3.81677
-0.443796 3.53762
-0.257554 2.11489
-0.383729 3.19936
-0.282616 2.45406
-0.317398 2.77209
-0.381462 3.36996
0 0
0 0
0 0
0 0
-0.364509 2.29808
-0.356708 2.31758
-0.411735 2.79408
-0.355272 2.54104
-0.443028 3.29413
-0.39739 3.11574
-0.371572 2.96044
-0.411802 3.35258
-0.365254 3.03136
-0.39895 3.41549
-0.363908 3.1829
-0.351855 3.16318
-0.373496 3.43728
0 0
0 0
0 0
-0.367037 2.33687
-0.27351 1.77883
-0.326048 2.16423
-0.380198 2.69139
-0.454174 3.28631
-0.40643 3.0643
-0.443341 3.44888
-0.344766 2.78706
-0.303291 2.47637
-0.353479 2.9573
-0.325965 2.80247
-0.351828 3.1613
-0.339017 3.11026
0 0
0 0
0 0
-0.367414 2.60422
-0.434143 3.25242
-0.445819 3.42997
-0.33087 2.64605
-0.348995 2.86154
-0.349595 2.94607
-0.33783 2.95697
-0.253957 2.26532
-0.286438 2.58822
-0.334384 3.10758
-0.275686 2.59026
-0.363353 3.47698
-0.3226 3.14339
-0.378072 3.73821
0 0
0 0
-0.415022 2.63424
-0.296551 1.88351
-0.386646 2.5446
-0.390519 2.72908
-0.424732 3.09756
-0.387265 2.92725
-0.371831 2.929
-0.352807 2.87791
-0.385117 3.19433
-0.315086 2.70699
-0.332864 2.91937
-0.317707 2.86834
-0.346116 3.2188
-0.27677 2.64469
0 0
0 0
-0.424191 2.56842
-0.389044 2.41366
-0.422823 2.85089
-0.370394 2.54246
-0.437641 3.21299
-0.433566 3.30545
-0.440961 3.43455
-0.405428 3.28577
-0.416296 3.45351
-0.380558 3.25811
-0.333301 2.964
-0.348435 3.14091
-0.312749 2.90192
-0.342266 3.2703
0 0
0 0
-0.368582 2.30887
-0.263166 1.56679
-0.276805 1.66163
-0.351533 2.26537
-0.426913 2.78051
-0.392592 2.67426
-0.386438 2.80979
-0.352556 2.69354
-0.352217 2.72238
-0.338843 2.72366
-0.268703 2.25791
-0.27656 2.39159
-0.314811 2.80918
-0.306261 2.8157
0 0
0 0
-0.261701 1.59023
-0.364926 2.32254
-0.371319 2.52743
-0.41381 2.93375
-0.379787 2.86473
-0.35129 2.69134
-0.370565 3.0111
-0.347693 2.90018
-0.327305 2.7975
-0.29985 2.63486
-0.319693 2.86067
-0.345616 3.16888
-0.318692 3.00051
-0.316614 3.07691
-0.356244 3.53875
0 0
-0.381829 2.24471
-0.375852 2.40835
-0.373586 2.40505
-0.355359 2.32602
-0.353374 2.40074
-0.410302 2.96204
-0.440433 3.33886
-0.443331 3.46663
-0.441348 3.59659
-0.356457 2.96374
-0.36674 3.18557
-0.412123 3.67916
-0.379422 3.48521
-0.36244 3.45545
-0.333122 3.23776
0 0
-0.248806 1.63473
-0.383586 2.70262
-0.387595 2.83837
-0.329006 2.49849
-0.394251 3.08406
-0.417737 3.36734
-0.370413 3.10542
-0.368641 3.10803
-0.367666 3.21423
-0.352081 3.11951
-0.359011 3.22093
-0.37005 3.38346
-0.359827 3.38133
-0.354517 3.40077
-0.363753 3.5548
0 0
-0.638706 4.5492
-0.218948 1.49354
-0.296517 2.17696
-0.32818 2.51363
-0.316269 2.48849
-0.298935 2.46512
-0.251056 2.09412
-0.251057 2.1483
-0.236824 2.066
-0.224308 2.00113
-0.232405 2.12204
-0.219838 2.01847
-0.172744 1.61918
-0.155942 1.49666
-0.188667 1.87848
0 0
0 0
0 0
-0.322512 2.35384
-0.320898 2.47977
-0.355272 2.85065
-0.3168 2.61423
-0.333539 2.8501
-0.334842 2.93155
-0.33834 2.98821
-0.314238 2.81986
-0.321292 2.95777
-0.37519 3.53042
-0.354239 3.39285
-0.371332 3.64551
-0.35514 3.6016
0 0
0 0
-0.350375 3.48117
-0.383681 3.73085
-0.390739 3.71431
-0.397687 3.71946
-0.365371 3.33259
-0.38869 3.49232
-0.366127 3.23957
-0.357019 3.0929
-0.359816 3.05621
-0.373832 3.07375
-0.3478 2.82217
-0.348811 2.70568
-0.32541 2.39922
0 0
0 0
0 0
-0.319068 2.95497
-0.307158 2.78563
-0.320874 2.80714
-0.340605 2.87964
-0.320523 2.63921
-0.430205 3.49205
-0.407124 3.23115
-0.383907 2.97189
-0.370782 2.78724
-0.337744 2.46184
-0.334061 2.36212
-0.318536 2.05351
-0.31728 1.91253
-0.233235 1.30352
0 0
0 0
-0.275584 2.68845
-0.324752 3.13362
-0.28677 2.67586
-0.306339 2.77725
-0.311501 2.75409
-0.312502 2.69176
-0.328386 2.79596
-0.394229 3.22046
-0.371703 2.97124
-0.380167 2.9526
-0.377925 2.82129
-0.368994 2.61499
-0.313402 2.10156
-0.309873 1.96542
-0.293216 1.77924
0 0
-0.338671 3.32212
-0.333535 3.22101
-0.325707 3.07459
-0.372313 3.41508
-0.327649 2.9467
-0.326687 2.91351
-0.327315 2.84119
-0.33336 2.79856
-0.359311 3.01181
-0.414481 3.33173
-0.407178 3.16354
-0.429737 3.20494
-0.380527 2.70135
-0.414444 2.83902
-0.378125 2.49356
0 0
-0.210282 2.15742
-0.304286 3.09236
-0.283308 2.79241
-0.343438 3.31121
-0.307351 2.89767
-0.310968 2.87183
-0.33587 3.0443
-0.340841 2.98683
-0.332932 2.81291
-0.439924 3.58067
-0.362841 2.85163
-0.377813 2.854
-0.351359 2.54429
-0.364915 2.58155
-0.269862 1.7534
0 0
0 0
-0.379423 3.83786
-0.337724 3.34387
-0.375485 3.62292
-0.339376 3.21339
-0.368876 3.42748
-0.36008 3.31786
-0.35994 3.2459
-0.342572 2.99124
-0.352044 2.98262
-0.358395 2.96572
-0.381214 2.94967
-0.386421 2.8971
-0.386091 2.79056
-0.380749 2.58035
0 0
0 0
-0.311194 3.0328
-0.331256 3.16308
-0.37314 3.49804
-0.316038 2.90528
-0.356424 3.2106
-0.333217 2.98005
-0.341443 2.97335
-0.379787 3.24065
-0.366041 3.08329
-0.466668 3.78492
-0.379126 2.96183
-0.452609 3.42401
-0.417841 3.10323
-0.462388 3.22948
0 0
0 0
-0.249967 2.39547
-0.314833 2.94353
-0.267041 2.44817
-0.283119 2.52883
-0.314559 2.73233
-0.354829 3.03744
-0.311125 2.60751
-0.369745 2.99456
-0.349531 2.73226
-0.347699 2.61897
-0.378725 2.73436
-0.398345 2.74582
-0.372262 2.50332
-0.413921 2.6202
0 0
0 0
-0.348844 3.49234
-0.260316 2.55348
-0.26999 2.5983
-0.172311 1.64439
-0.330637 3.09477
-0.313652 2.88821
-0.278355 2.52154
-0.31008 2.78893
-0.33247 2.90309
-0.318883 2.70545
-0.374193 3.06145
-0.366042 2.95969
-0.363947 2.84911
-0.418161 3.13319
0 0
0 0
0 0
-0.314414 3.25549
-0.357075 3.65952
-0.331719 3.36817
-0.340935 3.4089
-0.386805 3.86441
-0.397585 3.91306
-0.36286 3.47902
-0.394428 3.70114
-0.418752 3.85521
-0.370871 3.35473
-0.344141 3.03263
-0.44074 3.79822
-0.412186 3.41071
0 0
0 0
0 0
-0.143762 1.45244
-0.312463 3.13877
-0.394851 3.86641
-0.320849 3.11543
-0.377573 3.60745
-0.341354 3.20354
-0.320782 2.94783
-0.40312 3.64029
-0.414617 3.64832
-0.39526 3.3699
-0.415073 3.4148
-0.474109 3.78538
-0.315887 2.41492
0 0
0 0
0 0
0 0
-0.225014 2.20706
-0.297749 2.86857
-0.177127 1.66838
-0.357678 3.33625
-0.344129 3.1263
-0.287516 2.58223
-0.315919 2.71889
-0.299014 2.53483
-0.32991 2.65876
-0.376517 3.01237
-0.424315 3.26481
-0.425952 3.13232
0 0
0 0
0 0
0 0
0 0
0 0
-0.708841 6.4951
-0.0886827 0.786796
-0.444236 3.81729
-0.293601 2.4209
-0.476128 3.91211
-0.262031 2.11347
-0.195483 1.48051
-0.479411 3.60962
0 0
-0.307537 2.06608
0 0
0 0
0 0
0 0
0 0
0 0
0 0
0 0
0 0
-0.865261 8.52616
-0.0672013 0.649059
-0.59234 5.48268
-0.162212 1.51895
0 0
0 0
0 0
0 0
0 0
0 0
0 0
0 0
0 0
0 0
0 0
0 0
0 0
0 0
0 0
0 0
0 0
0 0
0 0
0 0
0 0
0 0
0 0
0 0
0 0
0 0
0 0
0 0
0 0
0 0
0 0
0 0
0 0
0 0
0 0
0 0
0 0
0 0
0 0
0 0
0 0
0 0
0 0
0 0
0 0
0 0
0 0
0 0
0 0
0 0
0 0
0 0
0 0
0 0
0 0
0 0
0 0
0 0
0 0
0 0
0 0
0 0
0 0
0 0
0 0
0 0
0 0
0 0
0 0
0 0
0 0
-0.384515 4.00178
0 0
0 0
0 0
0 0
0 0
0 0
0 0
0 0
0 0
0 0
0 0
-0.276634 2.25331
-0.302579 2.57425
-0.320777 2.78867
-0.103864 0.903916
-0.341906 3.0597
-0.0938858 0.860511
-0.131359 1.22542
-0.26707 2.52835
-0.863332 8.12909
-0.0201681 0.196233
0 0
0 0
0 0
0 0
0 0
0 0
-0.371799 2.72335
-0.293682 2.24117
-0.359768 2.85009
-0.314527 2.51236
-0.275621 2.2597
-0.247883 2.06519
-0.284542 2.41702
-0.21278 1.86917
-0.142582 1.25665
-0.22219 2.00705
-0.249171 2.33083
-0.275927 2.62858
0 0
0 0
0 0
0 0
-0.434984 3.45016
-0.379288 3.16428
-0.370523 3.15736
-0.362215 3.10949
-0.405734 3.63818
-0.229252 2.09419
-0.2598 2.40048
-0.325156 3.05083
-0.305911 2.92245
-0.375492 3.61813
-0.284425 2.82115
-0.426001 4.29464
0 0
0 0
0 0
0 0
-0.395613 2.92839
-0.370208 2.8298
-0.255282 1.99653
-0.327786 2.63114
-0.370979 3.06996
-0.250382 2.11751
-0.262386 2.26699
-0.356079 3.10883
-0.329436 2.9218
-0.336345 3.03293
-0.237391 2.19599
-0.26972 2.49176
-0.54903 5.38423
0 0
0 0
0 0
-0.232529 1.56504
-0.32888 2.36054
-0.384988 2.87809
-0.410436 3.14343
-0.366507 2.94158
-0.387704 3.15115
-0.344797 2.90786
-0.346747 2.99875
-0.387538 3.39105
-0.295 2.61767
-0.380188 3.41298
-0.262283 2.4104
-0.0610025 0.580666
0 0
0 0
0 0
-0.378771 2.51145
-0.356167 2.52247
-0.410636 3.00902
-0.398791 2.97332
-0.372906 2.88736
-0.386041 3.02353
-0.378619 3.02872
-0.333156 2.80179
-0.399055 3.33504
-0.279259 2.39504
-0.277082 2.45267
-0.139189 1.24803
-0.326879 3.00145
-0.280152 2.65532
0 0
0 0
-0.382511 2.80338
-0.390642 2.94597
-0.400725 3.09357
-0.426517 3.39265
-0.352686 2.88093
-0.361493 3.01103
-0.346356 2.99379
-0.348767 2.99036
-0.339272 2.97135
-0.345355 3.09404
-0.323604 2.96303
-0.303507 2.83718
-0.357024 3.37745
-0.174934 1.66967
0 0
0 0
-0.358269 2.29753
-0.377306 2.51039
-0.351284 2.45065
-0.387954 2.78043
-0.355067 2.62671
-0.338019 2.55654
-0.349349 2.70653
-0.399158 3.12404
-0.337075 2.72953
-0.28982 2.39289
-0.293329 2.44789
-0.272218 2.34754
-0.317243 2.86769
-0.310718 2.87535
0 0
0 0
-0.386533 2.57174
-0.372519 2.58925
-0.426592 3.10127
-0.387856 2.90227
-0.381388 2.91217
-0.375918 2.98102
-0.4142 3.35213
-0.348226 2.88322
-0.362889 3.05647
-0.359721 3.09726
-0.325032 2.81591
-0.324316 2.88968
-0.386186 3.54003
-0.273177 2.55879
-0.196846 1.8795
0 0
-0.271249 1.72089
-0.255557 1.71331
-0.164135 1.17028
-0.195195 1.40292
-0.229669 1.73781
-0.216194 1.69577
-0.278309 2.3108
-0.268448 2.25273
-0.16903 1.60668
-0.157735 1.56146
-0.22425 2.27123
-0.20103 2.0834
-0.224518 2.41301
-0.273986 3.06272
-0.130451 1.51875
0 0
-0.211669 1.29668
-0.304993 1.84369
-0.201196 1.22105
-0.288187 1.77863
-0.358374 2.1785
-0.333799 2.07775
-0.272994 1.68288
-0.325514 2.15051
-0.300673 2.07413
-0.377536 2.73772
-0.413123 3.00566
-0.360352 2.73528
-0.402036 3.18373
-0.523434 4.27105
-0.398882 3.35241
0 0
0 0
-0.332998 2.53447
-0.342883 2.66034
-0.341963 2.74139
-0.331725 2.73891
-0.285453 2.41806
-0.326217 2.81657
-0.317466 2.79146
-0.370218 3.34153
-0.332851 3.06338
-0.343641 3.2219
-0.371823 3.55059
-0.373996 3.65483
-0.386498 3.85983
-0.372544 3.79826
0 0
0 0
0 0
-0.248605 1.65686
-0.330015 2.36459
-0.386897 2.84918
-0.373408 2.85551
-0.383508 3.0402
-0.369604 2.99612
-0.361391 3.01534
-0.369194 3.12314
-0.367581 3.15575
-0.389215 3.41621
-0.393238 3.58449
-0.423068 3.92671
-0.36447 3.50461
0 0
0 0
0 0
0 0
0 0
0 0
0 0
0 0
0 0
0 0
0 0
0 0
0 0
0 0
0 0
0 0
0 0
-0.446017 3.97691
-0.436746 4.03836
-0.283731 2.70484
-0.323041 3.18773
-0.386401 3.84259
0 0
0 0
0 0
0 0
0 0
0 0
0 0
0 0
0 0
0 0
0 0
-0.331876 2.76699
-0.284805 2.50564
-0.333693 2.98642
-0.255673 2.36614
-0.291905 2.76636
-0.237707 2.29852
-0.283399 2.79659
-0.292806 2.8993
-0.293097 2.89702
0 0
0 0
0 0
0 0
0 0
0 0
0 0
-0.436601 3.08281
-0.401149 3.02016
-0.360161 2.78547
-0.446467 3.58266
-0.338245 2.75607
-0.269812 2.21486
-0.302816 2.60284
-0.274201 2.38729
-0.211778 1.88741
-0.247373 2.27882
-0.314922 2.9535
0 0
0 0
0 0
0 0
0 0
-0.368671 2.37077
-0.411814 2.83176
-0.328234 2.33683
-0.331414 2.39831
-0.358556 2.72345
-0.384622 2.96694
-0.50822 3.96055
-0.358377 2.86927
-0.301405 2.51411
-0.272193 2.29926
-0.330362 2.88693
-0.308367 2.72842
0 0
0 0
0 0
0 0
-0.483921 3.21852
-0.433593 3.21953
-0.350831 2.74217
-0.381406 3.06145
-0.39829 3.25621
-0.389054 3.26757
-0.353378 3.087
-0.337352 3.00402
-0.457487 4.11272
-0.283937 2.60977
-0.261951 2.47089
-0.318007 3.06978
-0.124309 1.23261
0 0
0 0
0 0
-0.387372 2.62333
-0.390665 2.84547
-0.378043 2.89338
-0.429516 3.33943
-0.357127 2.93732
-0.362467 3.05292
-0.356796 3.08894
-0.34727 3.04985
-0.368927 3.35459
-0.33046 3.08396
-0.373171 3.55295
-0.392142 3.8049
-0.314523 3.13731
0 0
0 0
0 0
-0.355616 2.1338
-0.355535 2.2255
-0.365913 2.43763
-0.412949 2.90076
-0.375747 2.70966
-0.383998 2.8729
-0.358313 2.76592
-0.431544 3.42531
-0.400878 3.25734
-0.302209 2.46612
-0.337403 2.89748
-0.295449 2.6023
-0.22207 2.02718
-0.270436 2.55257
0 0
0 0
-0.435508 2.53764
-0.316151 1.87485
-0.401997 2.40719
-0.39489 2.50948
-0.382676 2.45759
-0.339928 2.35803
-0.325408 2.32295
-0.299515 2.21884
-0.387676 2.94512
-0.338761 2.63529
-0.42613 3.40821
-0.348596 2.83944
-0.295448 2.48158
-0.322511 2.83528
0 0
0 0
-0.319555 1.93415
-0.366437 2.23473
-0.281546 1.78303
-0.302457 1.98913
-0.349144 2.41689
-0.424946 3.00423
-0.321654 2.35665
-0.3545 2.69794
-0.349715 2.76044
-0.454281 3.64242
-0.439247 3.62322
-0.344672 2.97188
-0.407932 3.57791
-0.356422 3.26576
0 0
0 0
-0.257093 1.54706
-0.317108 1.99928
-0.341929 2.24128
-0.315094 2.16193
-0.319779 2.24877
-0.420003 3.0614
-0.337401 2.58728
-0.315273 2.44346
-0.306929 2.48064
-0.31131 2.56969
-0.289333 2.43351
-0.425002 3.75754
-0.321111 2.95508
-0.344528 3.24033
0 0
0 0
-0.357029 2.17883
-0.282054 1.74555
-0.223283 1.506
-0.257716 1.84624
-0.238407 1.74297
-0.242077 1.83433
-0.247682 1.90312
-0.210659 1.76221
-0.208499 1.77591
-0.268278 2.34713
-0.244093 2.15225
-0.168216 1.57767
-0.175718 1.70404
-0.139462 1.44773
-0.13135 1.43264
0 0
-0.367123 2.49742
-0.448025 3.22107
-0.426039 3.14604
-0.402403 3.04174
-0.400582 3.09794
-0.472012 3.80061
-0.413396 3.3961
-0.307009 2.55864
-0.288792 2.50583
-0.262298 2.31499
-0.206685 1.86787
-0.302802 2.8056
-0.201475 1.92126
-0.297627 2.94144
-0.15794 1.58164
0 0
-0.313377 1.91113
-0.277698 1.83804
-0.378249 2.66311
-0.527608 3.81071
-0.346701 2.60362
-0.368683 2.80778
-0.387908 3.0408
-0.381247 3.08412
-0.320761 2.64825
-0.312324 2.57851
-0.390048 3.34957
-0.399034 3.55226
-0.342299 3.13117
-0.323399 3.04244
-0.371207 3.56645
0 0
0 0
-0.315927 1.2466
-0.312756 1.80737
-0.280402 1.73846
-0.279243 1.79781
-0.288277 1.98811
-0.223552 1.59908
-0.263007 1.95027
-0.273119 2.09319
-0.213921 1.66648
-0.244149 1.97881
-0.236194 1.96691
-0.209831 1.83551
-0.185181 1.68865
-0.183938 1.75699
0 0
0 0
-0.0273504 0.314258
-0.137986 1.64439
-0.153989 2.2355
-0.0667438 1.01988
-0.154189 2.37544
-0.110253 1.71139
-0.177126 2.82775
-0.239823 3.84066
-0.132961 2.20932
-0.174064 2.93501
-0.244972 4.20493
-0.149919 2.61716
-0.224298 4.03666
-0.312151 5.74414
0 0
0 0
-0.354027 3.55209
-0.432682 4.25585
-0.361823 3.47082
-0.371194 3.46032
-0.368504 3.33922
-0.351315 3.10393
-0.320118 2.80523
-0.298248 2.52575
-0.270586 2.23983
-0.320967 2.58091
-0.318241 2.48887
-0.29332 2.2013
-0.357012 2.60734
-0.905624 5.1034
0 0
0 0
-0.278346 2.70148
-0.297298 2.82065
-0.329314 3.0704
-0.282087 2.54028
-0.32345 2.85591
-0.350298 2.99257
-0.289884 2.4307
-0.224653 1.8391
-0.310998 2.48782
-0.338368 2.59082
-0.295049 2.20891
-0.324981 2.3685
-0.220884 1.53328
-0.286463 1.89
-0.313089 2.14707
0 0
-0.357424 3.45275
-0.414795 3.82745
-0.404797 3.66455
-0.36204 3.15908
-0.351079 2.9569
-0.354827 2.91519
-0.398436 3.25048
-0.38152 3.04001
-0.343221 2.65384
-0.380433 2.86557
-0.391577 2.87381
-0.370875 2.6209
-0.274322 1.90461
-0.248574 1.63236
-0.179638 1.11497
0 0
-0.271941 2.69377
-0.249918 2.43111
-0.309301 2.92971
-0.341605 3.16045
-0.325399 2.91259
-0.302391 2.62828
-0.36022 3.05419
-0.352033 2.90107
-0.387693 3.12147
-0.376301 2.92969
-0.340706 2.60268
-0.356316 2.64919
-0.361183 2.52443
-0.350346 2.33616
-0.310255 1.98293
0 0
-0.315416 2.89224
-0.342494 3.09623
-0.358839 3.14753
-0.378991 3.142
-0.407157 3.3039
-0.470603 3.65252
-0.357976 2.71696
-0.411669 3.04127
-0.36519 2.6424
-0.339358 2.35172
-0.379516 2.50599
-0.328685 2.07911
-0.299266 1.78672
-0.333271 2.08495
-0.298653 1.88329
0 0
0 0
-0.421304 4.04528
-0.358033 3.34555
-0.351925 3.23103
-0.372186 3.33047
-0.369882 3.23794
-0.332366 2.84192
-0.362155 3.0489
-0.373096 3.08689
-0.387687 3.10429
-0.397599 3.0677
-0.372043 2.76584
-0.386814 2.7953
-0.402444 2.70363
-0.339205 2.13871
0 0
0 0
-0.354584 3.59821
-0.315082 3.09437
-0.329841 3.13716
-0.293188 2.73156
-0.29296 2.67991
-0.32871 2.9439
-0.347154 3.04544
-0.359609 3.06995
-0.306049 2.53621
-0.383269 3.13277
-0.376611 2.9634
-0.366571 2.78868
-0.346494 2.49671
-0.314003 2.19949
0 0
0 0
-0.382816 3.94183
-0.428419 4.30701
-0.381739 3.74566
-0.381309 3.64828
-0.321875 3.025
-0.362724 3.34294
-0.338944 3.05549
-0.361857 3.2487
-0.374435 3.23678
-0.37245 3.16397
-0.413617 3.35525
-0.39913 3.13918
-0.400755 2.99243
-0.350822 2.47293
0 0
0 0
0 0
-0.24936 2.56743
-0.151119 1.50878
-0.166043 1.62492
-0.246628 2.3618
-0.323736 3.08532
-0.225459 2.12129
-0.254959 2.33207
-0.268057 2.42746
-0.29278 2.52898
-0.278309 2.28167
-0.378008 3.07045
-0.372267 2.88601
-0.387213 2.86977
0 0
0 0
0 0
-0.275494 2.53534
-0.335025 3.05727
-0.316486 2.77943
-0.392935 3.39242
-0.310812 2.61962
-0.313348 2.57396
-0.319898 2.58392
-0.338847 2.68027
-0.3531 2.67776
-0.344619 2.57093
-0.362154 2.5968
-0.330646 2.22618
-0.344268 2.21949
0 0
0 0
0 0
-0.465256 4.75475
-0.351512 3.53877
-0.360823 3.53986
-0.342158 3.34022
-0.314841 3.01713
-0.385985 3.63401
-0.313854 2.90836
-0.339181 3.10796
-0.345489 3.07895
-0.392196 3.39005
-0.349943 2.95301
-0.334518 2.73806
-0.31631 2.44805
0 0
0 0
0 0
0 0
-0.289459 2.52615
-0.378573 3.16427
-0.297899 2.48051
-0.356103 2.84848
-0.271294 2.1195
-0.298487 2.29999
-0.321936 2.43679
-0.358672 2.63224
-0.375985 2.68301
-0.389457 2.68339
-0.344921 2.26521
-0.324408 2.03908
0 0
0 0
0 0
0 0
0 0
0 0
-0.233926 2.34069
-0.229703 2.27837
-0.2381 2.31047
-0.280051 2.68851
-0.253234 2.37906
-0.314576 2.89062
-0.285106 2.53853
-0.342505 2.94942
-0.350282 2.87196
-0.42009 3.36031
0 0
0 0
0 0
0 0
0 0
0 0
0 0
-0.0226168 0.233938
-0.289684 2.9541
-0.279068 2.79885
-0.238554 2.34257
-0.233019 2.25951
-0.302558 2.87479
-0.300413 2.7862
-0.278446 2.51391
-0.288809 2.5029
0 0
0 0
0 0
0 0
0 0
0 0
0 0
0 0
0 0
0 0
0 0
-0.395854 3.39495
-0.366117 3.0596
-0.357426 2.85952
-0.329509 2.54283
-0.371627 2.71418
0 0
0 0
0 0
0 0
0 0
0 0
0 0
0 0
0 0
0 0
0 0
0 0
0 0
0 0
0 0
0 0
0 0
0 0
0 0
0 0
0 0
0 0
0 0
0 0
0 0
0 0
0 0
0 0
0 0
0 0
0 0
0 0
-0.278331 2.45109
-0.356814 3.25971
-0.372965 3.5178
-0.301978 2.91007
-0.361868 3.54698
0 0
0 0
0 0
0 0
0 0
0 0
0 0
0 0
0 0
0 0
0 0
-0.307937 2.83534
-0.350465 3.32111
-0.321362 3.10667
-0.30296 3.01907
-0.305258 3.11905
-0.276135 2.85816
-0.285764 3.00154
-0.203378 2.15851
-0.271103 2.88608
0 0
0 0
0 0
0 0
0 0
0 0
0 0
-0.348928 2.73741
-0.356954 2.92718
-0.358314 2.97668
-0.30999 2.65969
-0.275135 2.4336
-0.289534 2.61335
-0.280688 2.59291
-0.273183 2.58397
-0.241041 2.32142
-0.262813 2.56793
-0.0685152 0.670385
0 0
0 0
0 0
0 0
0 0
-0.34122 2.73287
-0.367307 3.0142
-0.353543 3.03802
-0.303001 2.64449
-0.342515 3.0665
-0.282127 2.57389
-0.322781 3.01387
-0.361598 3.44172
-0.336251 3.22406
-0.349928 3.43766
-0.250624 2.47865
-0.329484 3.31269
0 0
0 0
0 0
0 0
-0.330692 2.67293
-0.326773 2.76311
-0.291911 2.55935
-0.32586 2.93431
-0.306174 2.82257
-0.338285 3.23207
-0.303038 2.93979
-0.235391 2.31082
-0.31702 3.18514
-0.313447 3.195
-0.215622 2.24172
-0.43098 4.55454
0 0
0 0
0 0
0 0
-0.374972 2.54228
-0.36553 2.57869
-0.376476 2.75867
-0.361692 2.75671
-0.354313 2.74626
-0.330935 2.64865
-0.334254 2.74392
-0.328761 2.74554
-0.276531 2.36314
-0.313289 2.72964
-0.236385 2.11031
-0.226424 2.07924
-0.427209 3.95468
0 0
0 0
0 0
-0.442867 2.76308
-0.392369 2.57435
-0.461282 3.1158
-0.404104 2.76975
-0.371955 2.65094
-0.359067 2.62966
-0.36195 2.70678
-0.377169 2.89721
-0.38808 3.02953
-0.378396 3.06523
-0.299856 2.48165
-0.446199 3.77617
-0.354415 3.12726
0 0
0 0
0 0
-0.388001 2.4027
-0.387512 2.46143
-0.353319 2.38197
-0.380049 2.62637
-0.380095 2.74128
-0.327729 2.47083
-0.392653 3.00157
-0.303696 2.43418
-0.367753 2.99203
-0.328778 2.75053
-0.223723 1.95721
-0.345943 3.04025
-0.311736 2.90156
0 0
0 0
0 0
-0.311428 2.07981
-0.352245 2.53475
-0.352115 2.66116
-0.377947 2.92479
-0.365946 2.95456
-0.339055 2.82597
-0.333315 2.90443
-0.320742 2.83662
-0.276523 2.50062
-0.348146 3.2393
-0.301131 2.86312
-0.341362 3.33016
-0.342839 3.4721
-0.265682 2.73326
0 0
0 0
-0.409232 2.70079
-0.401867 2.77874
-0.411122 2.94845
-0.406674 3.05521
-0.465538 3.60798
-0.411962 3.29459
-0.378586 3.16435
-0.347272 2.95433
-0.37551 3.27917
-0.344795 3.05577
-0.370891 3.39844
-0.449171 4.19049
-0.319315 3.04681
-0.484002 4.84791
0 0
0 0
-0.352112 2.25434
-0.28229 1.66245
-0.291982 1.88559
-0.309703 1.97136
-0.382867 2.65382
-0.294881 2.05321
-0.376901 2.7391
-0.351031 2.61507
-0.36412 2.7863
-0.325626 2.5786
-0.380268 3.09023
-0.304426 2.54962
-0.147082 1.27995
-0.679825 6.10999
0 0
0 0
-0.169449 1.05941
-0.352322 2.20065
-0.307017 1.97785
-0.344907 2.35145
-0.358052 2.5087
-0.339582 2.48413
-0.394519 2.95779
-0.371697 2.9004
-0.40314 3.21184
-0.281395 2.2824
-0.362394 3.0148
-0.32596 2.82326
-0.349509 3.13998
0 0
0 0
0 0
-0.253585 1.74015
-0.29021 1.8394
-0.365039 2.5429
-0.35944 2.57484
-0.288491 2.11094
-0.363491 2.74865
-0.354519 2.73999
-0.341416 2.73818
-0.244484 2.00136
-0.378198 3.18417
-0.339429 2.91237
-0.420734 3.7286
-0.285106 2.57724
0 0
0 0
0 0
0 0
-0.293068 1.97618
-0.310492 1.93499
-0.29438 1.95238
-0.262887 1.70729
-0.323257 2.11698
-0.298149 2.1054
-0.306621 2.23095
-0.399502 3.02913
-0.306979 2.40309
-0.343438 2.74942
-0.485592 3.97914
-0.409634 3.48325
0 0
0 0
0 0
0 0
0 0
-0.319821 2.87854
-0.335282 3.09986
-0.335568 3.19987
-0.328303 3.16229
-0.318554 3.12556
-0.326974 3.25757
-0.262838 2.65895
-0.346095 3.53224
-0.333967 3.46186
-0.411045 4.29004
-0.383747 4.07814
0 0
0 0
0 0
0 0
0 0
0 0
-0.314927 2.85823
-0.315277 2.78152
-0.334216 2.8805
-0.290141 2.42684
-0.356754 2.93951
-0.345022 2.77354
-0.357474 2.83752
-0.386343 2.98064
-0.373752 2.75706
-0.366254 2.6061
-0.428385 2.89171
0 0
0 0
0 0
0 0
0 0
-0.396506 3.58734
-0.379185 3.33253
-0.285767 2.47838
-0.365085 3.07187
-0.286277 2.38408
-0.400686 3.22671
-0.341253 2.67294
-0.345332 2.65137
-0.325027 2.4262
-0.328227 2.39781
-0.375462 2.61756
-0.229662 1.51239
0 0
0 0
0 0
0 0
-0.323883 3.04852
-0.331709 3.06144
-0.308579 2.77551
-0.336534 2.94501
-0.323743 2.78882
-0.334087 2.74921
-0.356315 2.91591
-0.370836 2.94094
-0.335559 2.59495
-0.378194 2.81895
-0.384544 2.77126
-0.360811 2.26479
-0.466893 3.21643
0 0
0 0
0 0
-0.266939 2.71597
-0.367722 3.64979
-0.204554 2.00412
-0.251571 2.43097
-0.254766 2.43135
-0.309467 2.89209
-0.294559 2.69249
-0.266031 2.3788
-0.287164 2.49263
-0.275682 2.30015
-0.297836 2.47556
-0.312318 2.49262
-0.330695 2.55002
0 0
0 0
0 0
-0.172571 1.6598
-0.331724 3.05651
-0.336161 3.00369
-0.29673 2.60547
-0.323076 2.75002
-0.336784 2.81349
-0.331426 2.73418
-0.329069 2.62396
-0.320273 2.42706
-0.324295 2.41791
-0.310842 2.23875
-0.2848 1.95669
-0.265516 1.75585
0 0
0 0
-0.0186426 0.187335
-0.151991 1.45917
-0.0949788 0.866571
-0.247437 2.20554
-0.265772 2.33712
-0.214445 1.84809
-0.293593 2.47335
-0.191639 1.57229
-0.2647 2.09573
-0.263574 2.022
-0.263543 2.0123
-0.311057 2.26682
-0.314133 2.21683
-0.308215 2.05883
0 0
0 0
0 0
-0.321874 3.06397
-0.527796 4.85154
-0.339102 3.06734
-0.287964 2.50178
-0.330421 2.80726
-0.324407 2.67335
-0.343083 2.80769
-0.373512 2.95952
-0.303706 2.31296
-0.396199 2.9258
-0.366173 2.5802
-0.331738 2.228
-0.350843 2.20001
0 0
0 0
0 0
-0.494222 4.54175
-0.355699 3.13232
-0.240926 2.05717
-0.315771 2.66564
-0.343025 2.78993
-0.277798 2.21558
-0.403515 3.08462
-0.397221 2.92393
-0.318075 2.26402
-0.33944 2.34047
-0.329196 2.09772
-0.450305 2.84745
-0.307009 1.88165
0 0
0 0
0 0
-0.983751 9.87476
-0.378542 3.75829
-0.299509 2.88469
-0.216377 2.01597
-0.27838 2.54569
-0.365063 3.27778
-0.355131 3.07936
-0.363076 3.09929
-0.308372 2.53103
-0.4003 3.16671
-0.366936 2.75175
-0.407665 2.99072
-0.486493 3.37823
0 0
0 0
0 0
-0.326282 3.23057
-0.602821 5.62284
-0.375708 3.38548
-0.401766 3.66291
-0.369027 3.24768
-0.339859 2.92187
-0.353537 2.8947
-0.39198 3.19907
-0.410302 3.18819
-0.357377 2.71506
-0.384981 2.81327
-0.374374 2.58432
-0.395671 2.59155
0 0
0 0
0 0
0 0
-0.469649 4.56698
-0.110111 1.05549
-0.327034 3.09028
-0.422436 3.89574
-0.284981 2.59584
-0.388232 3.43155
-0.304928 2.56962
-0.312612 2.57298
-0.341389 2.77838
-0.300138 2.35909
-0.31349 2.35278
-0.362552 2.6145
0 0
0 0
0 0
0 0
0 0
-0.446615 3.75356
-0.477257 3.92315
-0.339306 2.75027
-0.294494 2.36502
-0.248525 1.90891
-0.407391 3.05049
-0.239671 1.76832
-0.353776 2.53244
-0.379763 2.60351
-0.388792 2.54695
-0.357917 2.26137
0 0
0 0
0 0
0 0
0 0
0 0
-0.451792 4.16962
-0.428965 3.76705
-0.259758 2.22631
-0.343318 2.88695
-0.455865 3.72193
-0.33983 2.75173
-0.385157 3.04069
-0.38753 2.95413
-0.368105 2.73284
-0.375148 2.73705
0 0
0 0
0 0
0 0
0 0
0 0
0 0
0 0
0 0
-0.105717 0.910744
-0.287926 2.54337
-0.135528 1.18566
-0.215829 1.85364
-0.220034 1.75956
-0.28351 2.28371
-0.313161 2.51151
0 0
0 0
0 0
0 0
0 0
0 0
0 0
0 0
0 0
0 0
0 0
-0.46844 4.21353
-0.492624 4.44496
-0.410397 3.54111
-0.300656 2.52514
-0.383466 3.1618
0 0
0 0
0 0
0 0
0 0
0 0
0 0
0 0
0 0
0 0
0 0
0 0
0 0
0 0
0 0
0 0
