0.00724141
0.00723007
0.00720491
0.00721253
0.00734188
0.00723059
0.00722597
0.00718593
0.00724127
0.00715287
0.00728421
0.00734517
0.00736911
0.00766842
0.00764222
0.00756471
0.00773915
0.00754034
0.00781245
0.00731411
0.00735226
0.00742671
0.00738652
0.00718562
0.00741482
0.00744501
0.00751939
0.00730152
0.00743227
0.00726069
0.00720427
0.00712258
0.00721761
0.00732749
0.00736603
0.00717177
0.00714772
0.00711895
0.00713837
0.00711746
0.00695455
0.00707235
0.00725322
0.00735041
0.00747358
0.00720063
0.00756942
0.0074
0.0072
0.0073
0.00649822
0.0072106
0.00743927
0.00713707
0.00704823
0.00713587
0.00713654
0.00699994
0.00713997
0.00723304
0.00716708
0.00716382
0.00702553
0.00721879
0.00778479
0.00780524
0.00747717
0.00757225
0.0074921
0.00750712
0.00759112
0.0074159
0.00742356
0.00751272
0.00743585
0.0073556
0.00756701
0.00738428
0.0072987
0.00713455
0.00728564
0.00702729
0.0074671
0.00757539
0.00728449
0.00761346
0.00729613
0.00689419
0.00796244
0.00762816
0.00727186
0.00751644
0.00745617
0.00851325
0.0077385
0.00795546
0.0071
0.00716022
0.00736059
0.00751922
0.00733536
0.00722047
0.00759001
0.00719794
0.00794467
0.00749785
0.00786076
0.00735943
0.00705939
0.00716026
0.00690149
0.00704138
0.00708684
0.00704689
0.0072889
0.00726408
0.00729313
0.00708588
0.00732145
0.00740544
0.00727446
0.00748217
0.00745752
0.00759717
0.0076286
0.00784946
0.00755333
0.0070
