# GTK rotation constants for runs 6278-6726
# Fine alignment: dx'=A+Bx, dy'=C+Dy
# Format: Run A B C D [x10^6]
006278 3.7795 -0.9229 1.3590 0.6408
006288 3.7795 -0.9229 1.3590 0.6408
006291 3.7795 -0.9229 1.3590 0.6408
006292 3.7795 -0.9229 1.3590 0.6408
006300 3.7795 -0.9229 1.3590 0.6408
006302 3.7795 -0.9229 1.3590 0.6408
006303 3.7795 -0.9229 1.3590 0.6408
006304 3.7795 -0.9229 1.3590 0.6408
006305 3.7795 -0.9229 1.3590 0.6408
006306 3.7795 -0.9229 1.3590 0.6408
006307 3.7795 -0.9229 1.3590 0.6408
006309 3.7795 -0.9229 1.3590 0.6408
006318 3.7795 -0.9229 1.3590 0.6408
006319 3.7795 -0.9229 1.3590 0.6408
006320 3.7795 -0.9229 1.3590 0.6408
006321 3.7795 -0.9229 1.3590 0.6408
006330 3.7795 -0.9229 1.3590 0.6408
006341 3.7795 -0.9229 1.3590 0.6408
006342 3.7795 -0.9229 1.3590 0.6408
006343 3.7795 -0.9229 1.3590 0.6408
006346 3.7795 -0.9229 1.3590 0.6408
006348 3.7795 -0.9229 1.3590 0.6408
006349 3.7795 -0.9229 1.3590 0.6408
006350 3.7795 -0.9229 1.3590 0.6408
006351 3.7795 -0.9229 1.3590 0.6408
006352 3.7795 -0.9229 1.3590 0.6408
006353 3.7795 -0.9229 1.3590 0.6408
006354 3.7795 -0.9229 1.3590 0.6408
006355 3.7795 -0.9229 1.3590 0.6408
006356 3.7795 -0.9229 1.3590 0.6408
006362 3.7795 -0.9229 1.3590 0.6408
006363 3.7795 -0.9229 1.3590 0.6408
006364 3.7795 -0.9229 1.3590 0.6408
006365 3.7795 -0.9229 1.3590 0.6408
006366 3.7795 -0.9229 1.3590 0.6408
006367 3.7795 -0.9229 1.3590 0.6408
006368 3.7795 -0.9229 1.3590 0.6408
006369 3.7795 -0.9229 1.3590 0.6408
006370 3.7795 -0.9229 1.3590 0.6408
006371 3.7795 -0.9229 1.3590 0.6408
006403 3.7795 -0.9229 1.3590 0.6408
006419 3.7795 -0.9229 1.3590 0.6408
006420 3.7795 -0.9229 1.3590 0.6408
006422 3.7795 -0.9229 1.3590 0.6408
006431 3.7795 -0.9229 1.3590 0.6408
006433 3.7795 -0.9229 1.3590 0.6408
006434 3.7795 -0.9229 1.3590 0.6408
006435 3.7795 -0.9229 1.3590 0.6408
006436 3.7795 -0.9229 1.3590 0.6408
006437 3.7795 -0.9229 1.3590 0.6408
006467 3.7795 -0.9229 1.3590 0.6408
006468 3.7795 -0.9229 1.3590 0.6408
006473 3.7795 -0.9229 1.3590 0.6408
006477 3.7795 -0.9229 1.3590 0.6408
006478 3.7795 -0.9229 1.3590 0.6408
006479 3.7795 -0.9229 1.3590 0.6408
006480 3.7795 -0.9229 1.3590 0.6408
006483 3.7795 -0.9229 1.3590 0.6408
006487 3.7795 -0.9229 1.3590 0.6408
006488 3.7795 -0.9229 1.3590 0.6408
006490 3.7795 -0.9229 1.3590 0.6408
006491 3.7795 -0.9229 1.3590 0.6408
006493 3.7795 -0.9229 1.3590 0.6408
006494 3.7795 -0.9229 1.3590 0.6408
006495 3.7795 -0.9229 1.3590 0.6408
006496 3.7795 -0.9229 1.3590 0.6408
006497 3.7795 -0.9229 1.3590 0.6408
006498 3.7795 -0.9229 1.3590 0.6408
006501 3.7795 -0.9229 1.3590 0.6408
006502 3.7795 -0.9229 1.3590 0.6408
006503 3.7795 -0.9229 1.3590 0.6408
006507 3.7795 -0.9229 1.3590 0.6408
006509 3.7795 -0.9229 1.3590 0.6408
006510 3.7795 -0.9229 1.3590 0.6408
006511 3.7795 -0.9229 1.3590 0.6408
006512 3.7795 -0.9229 1.3590 0.6408
006513 3.7795 -0.9229 1.3590 0.6408
006514 3.7795 -0.9229 1.3590 0.6408
006516 3.7795 -0.9229 1.3590 0.6408
006520 3.7795 -0.9229 1.3590 0.6408
006523 3.7795 -0.9229 1.3590 0.6408
006528 3.7795 -0.9229 1.3590 0.6408
006561 3.7795 -0.9229 1.3590 0.6408
006563 3.7795 -0.9229 1.3590 0.6408
006567 3.7795 -0.9229 1.3590 0.6408
006568 3.7795 -0.9229 1.3590 0.6408
006574 3.7795 -0.9229 1.3590 0.6408
006575 3.7795 -0.9229 1.3590 0.6408
006579 3.7795 -0.9229 1.3590 0.6408
006581 3.7795 -0.9229 1.3590 0.6408
006582 3.7795 -0.9229 1.3590 0.6408
006583 3.7795 -0.9229 1.3590 0.6408
006584 3.7795 -0.9229 1.3590 0.6408
006585 3.7795 -0.9229 1.3590 0.6408
006586 3.7795 -0.9229 1.3590 0.6408
006587 3.7795 -0.9229 1.3590 0.6408
006589 3.7795 -0.9229 1.3590 0.6408
006590 3.7795 -0.9229 1.3590 0.6408
006596 3.7795 -0.9229 1.3590 0.6408
006597 3.7795 -0.9229 1.3590 0.6408
006599 3.7795 -0.9229 1.3590 0.6408
006609 3.7795 -0.9229 1.3590 0.6408
006610 3.7795 -0.9229 1.3590 0.6408
006611 3.7795 -0.9229 1.3590 0.6408
006612 3.7795 -0.9229 1.3590 0.6408
006613 3.7795 -0.9229 1.3590 0.6408
006614 3.7795 -0.9229 1.3590 0.6408
006615 3.7795 -0.9229 1.3590 0.6408
006619 3.7795 -0.9229 1.3590 0.6408
006620 3.7795 -0.9229 1.3590 0.6408
006622 3.7795 -0.9229 1.3590 0.6408
006624 3.7795 -0.9229 1.3590 0.6408
006625 3.7795 -0.9229 1.3590 0.6408
006627 3.7795 -0.9229 1.3590 0.6408
006629 3.7795 -0.9229 1.3590 0.6408
006630 3.7795 -0.9229 1.3590 0.6408
006632 3.7795 -0.9229 1.3590 0.6408
006633 3.7795 -0.9229 1.3590 0.6408
006634 3.7795 -0.9229 1.3590 0.6408
006635 3.7795 -0.9229 1.3590 0.6408
006636 3.7795 -0.9229 1.3590 0.6408
006637 3.7795 -0.9229 1.3590 0.6408
006638 3.7795 -0.9229 1.3590 0.6408
006639 3.7795 -0.9229 1.3590 0.6408
006641 3.7795 -0.9229 1.3590 0.6408
006642 3.7795 -0.9229 1.3590 0.6408
006643 3.7795 -0.9229 1.3590 0.6408
006645 3.7795 -0.9229 1.3590 0.6408
006646 3.7795 -0.9229 1.3590 0.6408
006647 3.7795 -0.9229 1.3590 0.6408
006648 3.7795 -0.9229 1.3590 0.6408
006650 3.7795 -0.9229 1.3590 0.6408
006651 3.7795 -0.9229 1.3590 0.6408
006652 3.7795 -0.9229 1.3590 0.6408
006653 3.7795 -0.9229 1.3590 0.6408
006654 3.7795 -0.9229 1.3590 0.6408
006656 3.7795 -0.9229 1.3590 0.6408
006658 3.7795 -0.9229 1.3590 0.6408
006659 3.7795 -0.9229 1.3590 0.6408
006660 3.7795 -0.9229 1.3590 0.6408
006661 3.7795 -0.9229 1.3590 0.6408
006662 3.7795 -0.9229 1.3590 0.6408
006663 3.7795 -0.9229 1.3590 0.6408
006664 3.7795 -0.9229 1.3590 0.6408
006666 3.7795 -0.9229 1.3590 0.6408
006668 3.7795 -0.9229 1.3590 0.6408
006670 3.7795 -0.9229 1.3590 0.6408
006671 3.7795 -0.9229 1.3590 0.6408
006672 3.7795 -0.9229 1.3590 0.6408
006673 3.7795 -0.9229 1.3590 0.6408
006674 3.7795 -0.9229 1.3590 0.6408
006675 3.7795 -0.9229 1.3590 0.6408
006676 3.7795 -0.9229 1.3590 0.6408
006677 3.7795 -0.9229 1.3590 0.6408
006678 3.7795 -0.9229 1.3590 0.6408
006680 3.7795 -0.9229 1.3590 0.6408
006681 3.7795 -0.9229 1.3590 0.6408
006682 3.7795 -0.9229 1.3590 0.6408
006683 3.7795 -0.9229 1.3590 0.6408
006684 3.7795 -0.9229 1.3590 0.6408
006685 3.7795 -0.9229 1.3590 0.6408
006692 3.7795 -0.9229 1.3590 0.6408
006693 3.7795 -0.9229 1.3590 0.6408
006694 3.7795 -0.9229 1.3590 0.6408
006724 3.7795 -0.9229 1.3590 0.6408
006725 3.7795 -0.9229 1.3590 0.6408
006726 3.7795 -0.9229 1.3590 0.6408
